001,14,6,9,8,,,11,6,2020,15,51,54,0.00,15.46,948.71,549.65
001,12,7,10,7,,,11,6,2020,15,52,33,0.00,15.46,948.71,549.65
001,12,6,10,8,,,11,6,2020,15,53,12,,15.46,948.71,549.65
001,18,4095,4092,4064,,,11,6,2020,16,0,43,0.00,15.90,948.90,547.97
001,21,3584,19,8,,,11,6,2020,16,1,22,0.00,15.90,948.90,547.97
001,10,6,7,4032,,,11,6,2020,16,2,1,,15.90,948.90,547.97
001,4064,7,9,4095,,,11,6,2020,16,5,42,0.00,16.07,948.89,548.08
001,11,6,10,7,,,11,6,2020,16,6,21,0.00,16.07,948.89,548.08
001,22,12,16,9,,,11,6,2020,16,7,0,,16.07,948.89,548.08
001,13,7,8,7,,,11,6,2020,16,10,42,0.00,16.13,948.91,547.96
001,13,7,8,8,,,11,6,2020,16,11,21,0.00,16.13,948.91,547.96
001,13,7,8,8,,,11,6,2020,16,12,0,0.00,16.13,948.91,547.96
001,12,7,8,8,,,11,6,2020,16,15,42,0.00,16.11,948.98,547.28
001,13,6,8,8,,,11,6,2020,16,16,21,0.00,16.11,948.98,547.28
001,13,6,9,8,,,11,6,2020,16,17,0,0.00,16.11,948.98,547.28
001,13,11,11,8,33.5567,S,70.5995,W,11,6,2020,16,35,43,597.20,15.58,949.09,546.36
001,13,7,9,8,33.5567,S,70.5995,W,11,6,2020,16,36,22,598.00,15.58,949.09,546.36
001,11,6,7,8,33.5567,S,70.5995,W,11,6,2020,16,37,1,602.10,15.58,949.09,546.36
001,12,7,8,8,33.5567,S,70.5996,W,11,6,2020,16,40,43,629.40,15.53,948.97,547.41
001,10,6,7,7,33.5567,S,70.5996,W,11,6,2020,16,41,22,623.80,15.53,948.97,547.41
001,11,7,7,8,33.5567,S,70.5996,W,11,6,2020,16,42,1,623.80,15.53,948.97,547.41
001,4095,4095,4095,4095,33.5566,S,70.5995,W,11,6,2020,16,50,43,617.60,15.71,949.14,545.93
001,10,8,8,9,33.5566,S,70.5995,W,11,6,2020,16,51,22,606.50,15.71,949.14,545.93
001,12,3584,12,11,33.5565,S,70.5995,W,11,6,2020,16,52,1,,15.71,949.14,545.93
001,12,3584,9,9,33.5565,S,70.5995,W,11,6,2020,16,55,43,645.40,15.81,949.00,547.09
001,4094,9,9,8,33.5565,S,70.5995,W,11,6,2020,16,56,22,614.40,15.81,949.00,547.09
001,10,4080,9,7,33.5565,S,70.5995,W,11,6,2020,16,57,1,,15.81,949.00,547.09
001,9,8,7,11,33.5566,S,70.5995,W,11,6,2020,17,0,43,613.10,15.92,948.89,548.11
001,10,9,9,7,33.5566,S,70.5995,W,11,6,2020,17,1,22,613.10,15.92,948.89,548.11
001,12,8,10,7,33.5566,S,70.5995,W,11,6,2020,17,2,1,,15.92,948.89,548.11
001,10,6,7,7,33.5566,S,70.5995,W,11,6,2020,17,5,43,624.40,16.00,948.95,547.58
001,10,7,7,7,33.5566,S,70.5995,W,11,6,2020,17,6,22,610.00,16.00,948.95,547.58
001,10,7,10,10,33.5566,S,70.5995,W,11,6,2020,17,7,1,,16.00,948.95,547.58
001,8,5,6,7,33.5565,S,70.5996,W,11,6,2020,17,20,43,616.30,16.12,948.62,550.47
001,8,6,6,7,33.5565,S,70.5996,W,11,6,2020,17,21,22,624.60,16.12,948.62,550.47
001,8,5,7,8,33.5565,S,70.5996,W,11,6,2020,17,22,1,625.20,16.12,948.62,550.47
001,11,9,9,8,33.5567,S,70.5996,W,11,6,2020,17,35,43,626.30,16.47,948.30,553.31
001,10,7,9,7,33.5567,S,70.5996,W,11,6,2020,17,36,22,620.50,16.47,948.30,553.31
001,11,6,10,8,33.5567,S,70.5996,W,11,6,2020,17,37,1,,16.47,948.30,553.31
001,13,6,9,7,33.5566,S,70.5995,W,11,6,2020,17,40,43,620.40,16.59,948.08,555.19
001,12,6,9,8,33.5566,S,70.5995,W,11,6,2020,17,41,22,610.90,16.59,948.08,555.19
001,12,4032,11,8,33.5566,S,70.5995,W,11,6,2020,17,42,1,,16.59,948.08,555.19
001,11,4095,4095,7,33.5567,S,70.5995,W,11,6,2020,17,45,43,626.60,16.70,947.92,556.64
001,12,9,9,9,33.5567,S,70.5995,W,11,6,2020,17,46,22,613.70,16.70,947.92,556.64
001,12,9,10,8,33.5567,S,70.5995,W,11,6,2020,17,47,1,,16.70,947.92,556.64
001,10,6,8,7,33.5567,S,70.5993,W,11,6,2020,17,50,43,604.40,16.79,948.01,555.81
001,9,6,10,7,33.5566,S,70.5994,W,11,6,2020,17,51,22,616.60,16.79,948.01,555.81
001,11,10,8,9,33.5565,S,70.5994,W,11,6,2020,17,52,1,,16.79,948.01,555.81
001,4095,4095,4095,4095,33.5566,S,70.5996,W,11,6,2020,17,55,43,586.70,16.84,947.83,557.40
001,10,9,9,7,33.5566,S,70.5996,W,11,6,2020,17,56,22,608.00,16.84,947.83,557.40
001,11,6,9,9,33.5566,S,70.5996,W,11,6,2020,17,57,1,,16.84,947.83,557.40
001,9,9,7,10,33.5565,S,70.5997,W,11,6,2020,18,0,43,616.60,16.88,947.82,557.49
001,4095,4032,10,4095,33.5565,S,70.5997,W,11,6,2020,18,1,22,629.40,16.88,947.82,557.49
001,11,4095,4095,9,33.5565,S,70.5997,W,11,6,2020,18,2,1,,16.88,947.82,557.49
001,4095,4095,4095,4095,33.5567,S,70.5995,W,11,6,2020,18,5,43,623.60,16.93,948.06,555.41
001,10,8,8,10,33.5567,S,70.5995,W,11,6,2020,18,6,22,625.30,16.93,948.06,555.41
001,10,4092,7,7,33.5567,S,70.5995,W,11,6,2020,18,7,1,,16.93,948.06,555.41
001,10,6,8,4095,33.5567,S,70.5995,W,11,6,2020,18,10,43,650.40,16.95,948.10,555.08
001,9,6,7,7,33.5567,S,70.5995,W,11,6,2020,18,11,22,622.00,16.95,948.10,555.08
001,10,6,13,8,33.5567,S,70.5995,W,11,6,2020,18,12,1,,16.95,948.10,555.08
001,9,5,7,9,33.5568,S,70.5997,W,11,6,2020,18,20,43,657.20,17.04,948.21,554.05
001,10,6,7,7,33.5568,S,70.5997,W,11,6,2020,18,21,22,624.50,17.04,948.21,554.05
001,10,8,10,9,33.5568,S,70.5997,W,11,6,2020,18,22,1,,17.04,948.21,554.05
001,10,10,10,9,33.5568,S,70.5997,W,11,6,2020,18,25,43,619.20,17.05,948.19,
001,4095,4095,4095,4095,33.5568,S,70.5997,W,11,6,2020,18,26,22,617.70,17.05,948.19,
001,10,6,7,7,33.5567,S,70.5996,W,11,6,2020,18,27,1,,17.05,948.19,
001,10,8,8,8,33.5567,S,70.5995,W,11,6,2020,18,30,43,614.10,17.09,948.12,554.87
001,10,6,7,7,33.5567,S,70.5995,W,11,6,2020,18,31,22,622.00,17.09,948.12,554.87
001,10,8,7,7,33.5567,S,70.5995,W,11,6,2020,18,32,1,621.20,17.09,948.12,554.87
001,10,3584,7,7,33.5567,S,70.5995,W,11,6,2020,18,35,43,631.00,17.15,948.04,555.53
001,10,6,7,8,33.5567,S,70.5995,W,11,6,2020,18,36,22,619.60,17.15,948.04,555.53
001,10,10,8,7,33.5567,S,70.5995,W,11,6,2020,18,37,1,,17.15,948.04,555.53
001,11,6,7,8,33.5566,S,70.5996,W,11,6,2020,18,55,43,606.60,17.05,947.77,557.93
001,10,6,8,9,33.5567,S,70.5996,W,11,6,2020,18,56,22,631.00,17.05,947.77,557.93
001,10,10,10,9,33.5567,S,70.5996,W,11,6,2020,18,57,1,,17.05,947.77,557.93
001,11,6,8,8,33.5565,S,70.5996,W,11,6,2020,19,15,43,618.40,17.27,947.28,562.21
001,11,6,10,8,33.5564,S,70.5996,W,11,6,2020,19,16,22,624.60,17.27,947.28,562.21
001,10,6,7,7,33.5564,S,70.5996,W,11,6,2020,19,17,1,617.70,17.27,947.28,562.21
001,11,8,7,9,33.5565,S,70.5996,W,11,6,2020,19,35,43,636.60,17.32,947.30,562.05
001,10,7,7,8,33.5565,S,70.5996,W,11,6,2020,19,36,22,637.40,17.32,947.30,562.05
001,13,6,7,7,33.5565,S,70.5996,W,11,6,2020,19,37,1,637.40,17.32,947.30,562.05
001,14,9,11,8,33.5567,S,70.5996,W,11,6,2020,19,45,43,625.80,17.23,947.55,559.92
001,11,7,8,8,33.5567,S,70.5996,W,11,6,2020,19,46,22,632.80,17.23,947.55,559.92
001,11,7,8,3072,33.5567,S,70.5996,W,11,6,2020,19,47,1,,17.23,947.55,559.92
001,11,8,9,8,33.5566,S,70.5995,W,11,6,2020,19,50,43,623.10,17.13,947.55,559.91
001,11,8,9,9,33.5567,S,70.5995,W,11,6,2020,19,51,22,631.50,17.13,947.55,559.91
001,11,9,9,7,33.5567,S,70.5995,W,11,6,2020,19,52,1,633.00,17.13,947.55,559.91
001,11,10,9,8,33.5566,S,70.5996,W,11,6,2020,20,15,43,638.30,16.80,947.55,559.84
001,12,4095,4095,9,33.5566,S,70.5996,W,11,6,2020,20,16,22,635.10,16.80,947.55,559.84
001,12,7,8,4094,33.5566,S,70.5996,W,11,6,2020,20,17,1,,16.80,947.55,559.84
001,4095,4095,4095,10,33.5566,S,70.5996,W,11,6,2020,20,30,43,632.00,16.81,947.60,559.43
001,11,9,9,9,33.5566,S,70.5996,W,11,6,2020,20,31,22,632.00,16.81,947.60,559.43
001,12,8,8,7,33.5566,S,70.5996,W,11,6,2020,20,32,1,,16.81,947.60,559.43
001,12,9,9,6,33.5565,S,70.5995,W,11,6,2020,20,40,43,637.10,16.96,947.56,559.83
001,13,8,8,7,33.5565,S,70.5995,W,11,6,2020,20,41,22,625.00,16.96,947.56,559.83
001,15,9,10,9,33.5565,S,70.5995,W,11,6,2020,20,42,1,,16.96,947.56,559.83
001,12,8,9,10,33.5566,S,70.5995,W,11,6,2020,20,45,43,631.40,17.04,947.68,558.72
001,12,8,8,8,33.5566,S,70.5995,W,11,6,2020,20,46,22,623.70,17.04,947.68,558.72
001,13,7,12,8,33.5566,S,70.5995,W,11,6,2020,20,47,1,,17.04,947.68,558.72
001,13,9,8,10,33.5566,S,70.5996,W,11,6,2020,20,50,43,622.20,17.11,947.76,558.01
001,13,7,9,8,33.5566,S,70.5996,W,11,6,2020,20,51,22,625.70,17.11,947.76,558.01
001,13,4095,8,8,33.5566,S,70.5994,W,11,6,2020,20,52,1,,17.11,947.76,558.01
001,9,9,8,8,33.5563,S,70.5996,W,11,6,2020,20,55,43,647.20,17.14,947.65,558.97
001,12,8,8,3072,33.5563,S,70.5996,W,11,6,2020,20,56,22,646.00,17.14,947.65,558.97
001,13,8,9,9,33.5563,S,70.5996,W,11,6,2020,20,57,1,638.30,17.14,947.65,558.97
001,1508,1404,1484,1255,33.5566,S,70.5995,W,13,6,2020,15,46,46,629.60,24.40,,
001,1540,1408,1364,1532,33.5566,S,70.5995,W,13,6,2020,15,47,25,629.60,24.40,,
001,1523,1516,1519,,33.5566,S,70.5995,W,13,6,2020,15,48,4,,24.40,,
001,4095,4095,4095,4095,33.5566,S,70.5995,W,13,6,2020,16,10,43,637.30,24.99,,
001,4095,4095,4095,4095,33.5566,S,70.5995,W,13,6,2020,16,11,22,637.30,24.99,,
001,4095,4095,4095,,33.5566,S,70.5995,W,13,6,2020,16,12,1,,24.99,,
001,4095,4095,4095,4095,33.5566,S,70.5995,W,13,6,2020,16,25,43,638.50,26.77,,
001,4095,4095,4095,4095,33.5566,S,70.5995,W,13,6,2020,16,26,22,638.50,26.77,,
001,4095,4095,4095,,33.5566,S,70.5995,W,13,6,2020,16,27,1,,26.77,,
001,1534,1592,1511,1515,33.5566,S,70.5995,W,13,6,2020,16,30,43,639.10,26.72,,
001,1342,1351,1113,1422,33.5566,S,70.5995,W,13,6,2020,16,31,22,639.10,26.72,,
001,1518,1523,1529,,33.5566,S,70.5995,W,13,6,2020,16,32,1,,26.72,,
001,1555,1439,1501,1478,33.5566,S,70.5995,W,13,6,2020,16,45,43,642.70,26.49,,
001,1581,1577,1575,1581,33.5566,S,70.5995,W,13,6,2020,16,46,22,642.70,26.49,,
001,1569,1575,1590,,33.5566,S,70.5995,W,13,6,2020,16,47,1,,26.49,,
001,964,971,964,964,33.5566,S,70.5995,W,13,6,2020,19,15,43,632.90,26.86,946.38,570.14
001,949,883,901,898,33.5566,S,70.5995,W,13,6,2020,19,16,22,632.90,26.86,946.38,570.14
001,849,903,936,899,33.5566,S,70.5995,W,13,6,2020,19,17,1,,26.86,946.38,570.14
001,893,908,884,892,33.5566,S,70.5995,W,13,6,2020,19,20,43,633.60,26.95,946.41,569.92
001,867,937,625,623,33.5566,S,70.5995,W,13,6,2020,19,21,22,633.60,26.95,946.41,569.92
001,862,921,877,880,33.5566,S,70.5995,W,13,6,2020,19,22,1,,26.95,946.41,569.92
001,784,753,759,752,33.5566,S,70.5995,W,13,6,2020,19,35,43,632.80,27.53,946.22,571.55
001,720,734,749,601,33.5566,S,70.5995,W,13,6,2020,19,36,22,632.80,27.53,946.22,571.55
001,798,792,793,788,33.5566,S,70.5995,W,13,6,2020,19,37,1,,27.53,946.22,571.55
001,686,690,738,675,33.5566,S,70.5995,W,13,6,2020,19,50,43,632.70,26.54,946.14,572.30
001,678,692,680,679,33.5566,S,70.5995,W,13,6,2020,19,51,22,632.70,26.54,946.14,572.30
001,664,671,665,668,33.5566,S,70.5995,W,13,6,2020,19,52,1,,26.54,946.14,572.30
001,573,512,510,675,33.5566,S,70.5995,W,13,6,2020,20,0,43,632.30,26.13,946.03,573.21
001,600,601,590,599,33.5566,S,70.5995,W,13,6,2020,20,1,22,632.30,26.13,946.03,573.21
001,590,591,589,588,33.5566,S,70.5995,W,13,6,2020,20,2,1,,26.13,946.03,573.21
001,4064,550,555,545,33.5566,S,70.5995,W,13,6,2020,20,5,43,632.40,26.08,946.06,572.94
001,481,479,434,498,33.5566,S,70.5995,W,13,6,2020,20,6,22,632.40,26.08,946.06,572.94
001,468,479,481,473,33.5566,S,70.5995,W,13,6,2020,20,7,1,,26.08,946.06,572.94
001,478,482,474,473,33.5566,S,70.5995,W,13,6,2020,20,10,43,634.60,26.02,946.08,572.79
001,354,374,350,357,33.5566,S,70.5995,W,13,6,2020,20,11,22,634.60,26.02,946.08,572.79
001,493,504,486,492,33.5566,S,70.5995,W,13,6,2020,20,12,1,,26.02,946.08,572.79
001,403,418,459,416,33.5566,S,70.5995,W,13,6,2020,20,15,43,634.20,25.70,946.10,572.65
001,435,437,430,434,33.5566,S,70.5995,W,13,6,2020,20,16,22,634.20,25.70,946.10,572.65
001,430,436,431,433,33.5566,S,70.5995,W,13,6,2020,20,17,1,,25.70,946.10,572.65
001,405,360,376,376,33.5566,S,70.5995,W,13,6,2020,20,20,43,635.50,25.28,946.03,573.25
001,369,390,380,370,33.5566,S,70.5995,W,13,6,2020,20,21,22,635.50,25.28,946.03,573.25
001,350,354,427,360,33.5566,S,70.5995,W,13,6,2020,20,22,1,,25.28,946.03,573.25
001,205,230,243,327,33.5566,S,70.5995,W,13,6,2020,20,30,43,635.80,24.12,946.17,572.04
001,230,237,249,231,33.5566,S,70.5995,W,13,6,2020,20,31,22,635.80,24.12,946.17,572.04
001,267,234,241,241,33.5566,S,70.5995,W,13,6,2020,20,32,1,,24.12,946.17,572.04
001,146,171,155,186,33.5566,S,70.5994,W,13,6,2020,20,35,43,641.10,23.58,946.14,572.25
001,184,187,182,181,33.5566,S,70.5994,W,13,6,2020,20,36,22,641.10,23.58,946.14,572.25
001,197,212,192,169,33.5566,S,70.5994,W,13,6,2020,20,37,1,,23.58,946.14,572.25
001,120,113,68,61,33.5566,S,70.5995,W,13,6,2020,20,50,43,638.10,22.69,946.08,572.81
001,159,95,109,114,33.5566,S,70.5995,W,13,6,2020,20,51,22,638.10,22.69,946.08,572.81
001,117,140,130,80,33.5566,S,70.5995,W,13,6,2020,20,52,1,,22.69,946.08,572.81
001,67,75,62,65,33.5566,S,70.5995,W,13,6,2020,20,55,43,640.50,22.32,946.08,572.81
001,60,88,66,54,33.5566,S,70.5995,W,13,6,2020,20,56,22,640.50,22.32,946.08,572.81
001,86,65,99,102,33.5566,S,70.5995,W,13,6,2020,20,57,1,,22.32,946.08,572.81
001,4095,4095,4095,4095,33.5566,S,70.5994,W,14,6,2020,12,30,43,0.00,3.85,,
001,4095,4095,4095,4095,33.5566,S,70.5994,W,14,6,2020,12,31,22,639.50,3.85,,
001,4095,4095,4095,4095,33.5566,S,70.5994,W,14,6,2020,12,32,1,,3.85,,
001,4095,4095,4095,4095,33.5566,S,70.5994,W,14,6,2020,12,35,43,630.40,5.66,940.95,
001,4095,4095,4095,4095,33.5566,S,70.5994,W,14,6,2020,12,36,22,629.90,5.66,940.95,
001,4095,4095,4095,,33.5566,S,70.5994,W,14,6,2020,12,37,1,,5.66,940.95,
001,4095,4095,4095,4095,33.5566,S,70.5995,W,14,6,2020,12,40,43,617.60,8.06,940.89,
001,4095,4095,4095,4095,33.5566,S,70.5995,W,14,6,2020,12,41,22,629.90,8.06,940.89,
001,4095,4095,4095,,33.5566,S,70.5995,W,14,6,2020,12,42,1,,8.06,940.89,
001,4095,4095,4095,4095,33.5566,S,70.5995,W,14,6,2020,12,50,43,633.10,11.35,,
001,4095,4095,4095,4095,33.5566,S,70.5995,W,14,6,2020,12,51,22,633.10,11.35,,
001,4095,4095,4095,,33.5566,S,70.5995,W,14,6,2020,12,52,1,,11.35,,
001,4095,4095,4095,4095,33.5566,S,70.5994,W,14,6,2020,12,55,43,633.30,12.90,,
001,4095,4095,4095,4095,33.5566,S,70.5994,W,14,6,2020,12,56,22,633.30,12.90,,
001,4095,4095,4095,,33.5566,S,70.5994,W,14,6,2020,12,57,1,,12.90,,
001,4095,4095,4095,4095,33.5566,S,70.5995,W,14,6,2020,13,0,43,630.90,14.53,,
001,4095,4095,4095,4095,33.5566,S,70.5995,W,14,6,2020,13,1,22,630.90,14.53,,
001,4095,4095,4095,4095,33.5566,S,70.5995,W,14,6,2020,13,2,1,,14.53,,
001,4095,4095,4095,4095,33.5566,S,70.5995,W,14,6,2020,13,5,43,632.80,15.41,,
001,4095,4095,4095,4095,33.5566,S,70.5995,W,14,6,2020,13,6,22,632.80,15.41,,
001,4095,4095,4095,4095,33.5566,S,70.5995,W,14,6,2020,13,7,1,,15.41,,
001,4095,4095,4095,4095,33.5566,S,70.5995,W,14,6,2020,13,10,43,633.10,16.29,,
001,4095,4095,4095,4095,33.5566,S,70.5995,W,14,6,2020,13,11,22,633.10,16.29,,
001,4095,4095,4095,,33.5566,S,70.5995,W,14,6,2020,13,12,1,,16.29,,
001,3584,855,852,839,33.5566,S,70.5995,W,14,6,2020,19,45,43,635.20,29.96,,
001,4095,4095,4095,4095,33.5566,S,70.5995,W,14,6,2020,19,46,22,635.20,29.96,,
001,4095,4095,4095,4095,33.5566,S,70.5995,W,14,6,2020,19,47,1,,29.96,,
001,688,764,4095,4095,33.5566,S,70.5995,W,14,6,2020,19,50,43,631.10,29.52,,
001,4095,4095,4095,4095,33.5566,S,70.5995,W,14,6,2020,19,51,22,631.10,29.52,,
001,4095,4095,846,836,33.5566,S,70.5995,W,14,6,2020,19,52,1,,29.52,,
001,824,831,812,825,33.5566,S,70.5995,W,14,6,2020,19,55,43,631.40,29.33,940.56,
001,710,4095,732,711,33.5566,S,70.5995,W,14,6,2020,19,56,22,631.40,29.33,940.56,
001,850,770,771,800,33.5566,S,70.5995,W,14,6,2020,19,57,1,,29.33,940.56,
001,4095,4095,4095,4095,33.5566,S,70.5995,W,14,6,2020,20,0,43,631.40,29.42,,
001,4095,4095,4095,4095,33.5566,S,70.5995,W,14,6,2020,20,1,22,631.40,29.42,,
001,4095,4095,4095,4095,33.5566,S,70.5995,W,14,6,2020,20,2,1,,29.42,,
001,684,720,679,679,33.5566,S,70.5995,W,14,6,2020,20,5,43,632.70,29.24,940.59,
001,695,678,4064,651,33.5566,S,70.5995,W,14,6,2020,20,6,22,632.70,29.24,940.59,
001,504,4095,4064,711,33.5566,S,70.5995,W,14,6,2020,20,7,1,,29.24,940.59,
001,4095,4095,4095,4095,33.5566,S,70.5995,W,14,6,2020,20,10,43,633.20,29.24,,
001,4095,4095,4095,4095,33.5566,S,70.5995,W,14,6,2020,20,11,22,633.20,29.24,,
001,4095,4095,4095,,33.5566,S,70.5995,W,14,6,2020,20,12,1,,29.24,,
001,4095,4095,4095,4095,33.5566,S,70.5995,W,14,6,2020,20,50,43,645.10,25.08,,
001,4095,3968,4095,4095,33.5566,S,70.5995,W,14,6,2020,20,51,22,645.10,25.08,,
001,3968,3968,3968,,33.5566,S,70.5995,W,14,6,2020,20,52,1,,25.08,,
001,4095,4095,4095,4095,33.5566,S,70.5995,W,14,6,2020,20,55,43,643.00,24.54,,
001,4095,4095,4095,4095,33.5566,S,70.5995,W,14,6,2020,20,56,22,643.00,24.54,,
001,3968,4000,4064,,33.5566,S,70.5995,W,14,6,2020,20,57,1,,24.54,,
001,4095,4095,4095,4095,,,0,0,2000,0,0,0,0.00,20.90,947.68,558.71
001,4095,4095,4095,4095,,,0,0,2000,0,0,0,0.00,20.90,947.68,558.71
001,4095,4095,4095,4095,,,0,0,2000,0,0,0,0.00,20.90,947.68,558.71
001,1044,1038,1023,1012,,,0,0,2000,0,0,0,0.00,21.73,947.59,559.51
001,4095,4095,4095,4095,,,0,0,2000,0,0,0,0.00,21.73,947.59,559.51
001,1095,1104,1096,1087,,,0,0,2000,0,0,0,0.00,21.73,947.59,559.51
001,4095,4095,4095,4095,,,0,0,2000,0,0,0,0.00,22.64,947.57,559.72
001,4095,4095,4095,4095,,,0,0,2000,0,0,0,0.00,22.64,947.57,559.72
001,4095,4095,4095,4095,,,0,0,2000,0,0,0,0.00,22.64,947.57,559.72
001,4095,4095,4095,4095,,,0,0,2000,0,0,0,0.00,22.90,947.68,558.71
001,4095,4095,4095,4095,,,0,0,2000,0,0,0,0.00,22.90,947.68,558.71
001,4095,4095,4095,4095,,,0,0,2000,0,0,0,0.00,22.90,947.68,558.71
001,4095,4095,4095,4095,,,0,0,2000,0,0,0,0.00,23.63,947.60,559.41
001,4095,4095,4095,4095,,,0,0,2000,0,0,0,0.00,23.63,947.60,559.41
001,4095,4095,4095,4095,,,0,0,2000,0,0,0,0.00,23.63,947.60,559.41
001,4095,4095,4095,4095,,,0,0,2000,0,0,0,0.00,23.31,947.54,560.01
001,4095,4095,4095,4095,,,0,0,2000,0,0,0,0.00,23.31,947.54,560.01
001,4095,4095,4095,4095,,,0,0,2000,0,0,0,0.00,23.31,947.54,560.01
001,4095,4095,4095,4095,,,0,0,2000,0,0,0,0.00,23.21,947.51,560.27
001,4095,4095,4095,4095,,,0,0,2000,0,0,0,0.00,23.21,947.51,560.27
001,4095,4095,4095,4095,,,0,0,2000,0,0,0,0.00,23.21,947.51,560.27
001,4095,4095,4095,4095,,,0,0,2000,0,0,0,0.00,22.96,947.45,560.80
001,4095,4095,4095,4095,,,0,0,2000,0,0,0,0.00,22.96,947.45,560.80
001,4095,4095,4095,4095,,,0,0,2000,0,0,0,0.00,22.96,947.45,560.80
001,4095,4095,4095,4095,,,0,0,2000,0,0,0,0.00,22.61,947.53,560.07
001,4095,4095,4095,4095,,,0,0,2000,0,0,0,0.00,22.61,947.53,560.07
001,4095,4095,4095,4095,,,0,0,2000,0,0,0,0.00,22.61,947.53,560.07
001,4095,4095,4095,4095,,,0,0,2000,0,0,0,0.00,22.43,947.38,561.40
001,4095,4095,4095,4095,,,0,0,2000,0,0,0,0.00,22.43,947.38,561.40
001,4095,4095,4095,4095,,,0,0,2000,0,0,0,0.00,22.43,947.38,561.40
001,4095,4095,4095,4095,,,0,0,2000,0,0,0,0.00,22.92,947.38,561.33
001,4095,4095,4095,4095,,,0,0,2000,0,0,0,0.00,22.92,947.38,561.33
001,4095,4095,4095,4095,,,0,0,2000,0,0,0,0.00,22.92,947.38,561.33
001,4095,4095,4095,4095,,,0,0,2000,0,0,0,0.00,23.31,947.35,561.67
001,4095,4095,4095,4095,,,0,0,2000,0,0,0,0.00,23.31,947.35,561.67
001,4095,4095,4095,4095,,,0,0,2000,0,0,0,0.00,23.31,947.35,561.67
001,4095,4095,4095,4095,,,0,0,2000,0,0,0,0.00,23.36,947.35,561.68
001,4095,4095,4095,4095,,,0,0,2000,0,0,0,0.00,23.36,947.35,561.68
001,4095,4095,4095,4095,,,0,0,2000,0,0,0,0.00,23.36,947.35,561.68
001,4095,4095,4095,4095,,,0,0,2000,0,0,0,0.00,24.11,947.17,563.25
001,4095,4095,4095,4095,,,0,0,2000,0,0,0,0.00,24.11,947.17,563.25
001,4095,4095,4095,4095,,,0,0,2000,0,0,0,0.00,24.11,947.17,563.25
001,4095,4095,4095,4095,,,0,0,2000,0,0,0,0.00,24.30,947.19,563.03
001,4095,4095,4095,4095,,,0,0,2000,0,0,0,0.00,24.30,947.19,563.03
001,4095,4095,4095,4095,,,0,0,2000,0,0,0,0.00,24.30,947.19,563.03
001,4095,4095,4095,4095,,,0,0,2000,0,0,0,0.00,24.31,947.06,564.15
001,4095,4095,4095,4095,,,0,0,2000,0,0,0,0.00,24.31,947.06,564.15
001,4095,4095,4095,4095,,,0,0,2000,0,0,0,0.00,24.31,947.06,564.15
001,4095,4095,4095,4095,,,0,0,2000,0,0,0,0.00,24.59,947.03,564.47
001,4095,4095,4095,4095,,,0,0,2000,0,0,0,0.00,24.59,947.03,564.47
001,4095,4095,4095,4095,,,0,0,2000,0,0,0,0.00,24.59,947.03,564.47
001,4095,4095,4095,4095,,,0,0,2000,0,0,0,0.00,24.19,947.13,563.55
001,4095,4095,4095,4095,,,0,0,2000,0,0,0,0.00,24.19,947.13,563.55
001,4095,4095,4095,4095,,,0,0,2000,0,0,0,0.00,24.19,947.13,563.55
001,4095,4095,4095,4095,,,0,0,2000,0,0,0,0.00,24.24,947.06,564.20
001,4095,4095,4095,4095,,,0,0,2000,0,0,0,0.00,24.24,947.06,564.20
001,4095,4095,4095,4095,,,0,0,2000,0,0,0,0.00,24.24,947.06,564.20
001,4095,4095,4095,4095,,,0,0,2000,0,0,0,0.00,24.72,946.96,565.07
001,4095,4095,4095,4095,,,0,0,2000,0,0,0,0.00,24.72,946.96,565.07
001,4095,4095,4095,4095,,,0,0,2000,0,0,0,0.00,24.72,946.96,565.07
001,4095,4095,4095,4095,,,0,0,2000,0,0,0,0.00,24.39,946.94,565.24
001,4095,4095,4095,4095,,,0,0,2000,0,0,0,0.00,24.39,946.94,565.24
001,4095,4095,4095,4095,,,0,0,2000,0,0,0,0.00,24.39,946.94,565.24
001,4095,4095,4095,4095,,,0,0,2000,0,0,0,0.00,24.17,946.90,565.57
001,4095,4095,4095,4095,,,0,0,2000,0,0,0,0.00,24.17,946.90,565.57
001,4095,4095,4095,4095,,,0,0,2000,0,0,0,0.00,24.17,946.90,565.57
001,4095,4095,4095,4095,,,0,0,2000,0,0,0,0.00,24.39,946.83,566.22
001,4095,4095,4095,4095,,,0,0,2000,0,0,0,0.00,24.39,946.83,566.22
001,4095,4095,4095,4095,,,0,0,2000,0,0,0,0.00,24.39,946.83,566.22
001,4095,4095,4095,4095,,,0,0,2000,0,0,0,0.00,24.16,946.83,566.19
001,4095,4095,4095,4095,,,0,0,2000,0,0,0,0.00,24.16,946.83,566.19
001,4095,4095,4095,4095,,,0,0,2000,0,0,0,0.00,24.16,946.83,566.19
001,4095,4095,4095,4095,,,0,0,2000,0,0,0,0.00,23.97,946.69,567.46
001,4095,4095,4095,4095,,,0,0,2000,0,0,0,0.00,23.97,946.69,567.46
001,4095,4095,4095,4095,,,0,0,2000,0,0,0,0.00,23.97,946.69,567.46
001,4095,4095,4095,4095,,,0,0,2000,0,0,0,0.00,23.86,946.84,566.15
001,4095,4095,4095,4095,,,0,0,2000,0,0,0,0.00,23.86,946.84,566.15
001,4095,4095,4095,4095,,,0,0,2000,0,0,0,0.00,23.86,946.84,566.15
001,764,767,765,767,,,0,0,2000,0,0,0,0.00,24.29,946.80,566.48
001,801,787,786,789,,,0,0,2000,0,0,0,0.00,24.29,946.80,566.48
001,790,792,797,790,,,0,0,2000,0,0,0,0.00,24.29,946.80,566.48
001,856,865,848,854,,,0,0,2000,0,0,0,0.00,24.86,946.66,567.69
001,817,822,803,816,,,0,0,2000,0,0,0,0.00,24.86,946.66,567.69
001,808,807,800,807,,,0,0,2000,0,0,0,0.00,24.86,946.66,567.69
001,4095,4095,4095,4095,,,0,0,2000,0,0,0,0.00,25.29,946.53,568.83
001,4095,4095,4095,4095,,,0,0,2000,0,0,0,0.00,25.29,946.53,568.83
001,4095,4095,4095,4095,,,0,0,2000,0,0,0,0.00,25.29,946.53,568.83
001,4095,4095,4095,4095,,,0,0,2000,0,0,0,0.00,25.56,946.53,568.85
001,4095,4095,4095,4095,,,0,0,2000,0,0,0,0.00,25.56,946.53,568.85
001,4095,4095,4095,4095,,,0,0,2000,0,0,0,0.00,25.56,946.53,568.85
001,4095,4095,4095,4095,,,0,0,2000,0,0,0,0.00,26.03,946.47,569.40
001,4095,4095,4095,4095,,,0,0,2000,0,0,0,0.00,26.03,946.47,569.40
001,4095,4095,4095,4095,,,0,0,2000,0,0,0,0.00,26.03,946.47,569.40
001,4095,4095,4095,4095,,,0,0,2000,0,0,0,0.00,26.60,946.30,570.90
001,4095,4095,4095,4095,,,0,0,2000,0,0,0,0.00,26.60,946.30,570.90
001,4095,4095,4095,4095,,,0,0,2000,0,0,0,0.00,26.60,946.30,570.90
001,4095,4095,4095,4095,,,0,0,2000,0,0,0,0.00,26.97,946.30,570.91
001,4095,4095,4095,4095,,,0,0,2000,0,0,0,0.00,26.97,946.30,570.91
001,4095,4095,4095,4095,,,0,0,2000,0,0,0,0.00,26.97,946.30,570.91
001,4095,4095,4095,4095,,,0,0,2000,0,0,0,0.00,26.53,946.24,571.44
001,4095,4095,4095,4095,,,0,0,2000,0,0,0,0.00,26.53,946.24,571.44
001,4095,4095,4095,4095,,,0,0,2000,0,0,0,0.00,26.53,946.24,571.44
001,4095,4095,4095,4095,,,0,0,2000,0,0,0,0.00,25.99,946.12,572.50
001,4095,4095,4095,4095,,,0,0,2000,0,0,0,0.00,25.99,946.12,572.50
001,4095,4095,4095,4095,,,0,0,2000,0,0,0,0.00,25.99,946.12,572.50
001,4095,4095,4095,4095,,,0,0,2000,0,0,0,0.00,26.48,946.05,573.06
001,4095,4095,4095,4095,,,0,0,2000,0,0,0,0.00,26.48,946.05,573.06
001,4095,4095,4095,4095,,,0,0,2000,0,0,0,0.00,26.48,946.05,573.06
001,4095,4095,4095,4095,,,0,0,2000,0,0,0,0.00,26.61,945.89,574.52
001,4095,4095,4095,4095,,,0,0,2000,0,0,0,0.00,26.61,945.89,574.52
001,4095,4095,4095,4095,,,0,0,2000,0,0,0,0.00,26.61,945.89,574.52
001,4095,4095,4095,4095,,,0,0,2000,0,0,0,0.00,26.56,945.89,574.46
001,4095,4095,4095,4095,,,0,0,2000,0,0,0,0.00,26.56,945.89,574.46
001,4095,4095,4095,4095,,,0,0,2000,0,0,0,0.00,26.56,945.89,574.46
001,4095,4095,4095,4095,,,0,0,2000,0,0,0,0.00,27.20,945.90,574.36
001,4095,4095,4095,4095,,,0,0,2000,0,0,0,0.00,27.20,945.90,574.36
001,4095,4095,4095,4095,,,0,0,2000,0,0,0,0.00,27.20,945.90,574.36
001,4095,4095,4095,4095,,,0,0,2000,0,0,0,0.00,27.51,945.85,574.87
001,4095,4095,4095,4095,,,0,0,2000,0,0,0,0.00,27.51,945.85,574.87
001,4095,4095,4095,4095,,,0,0,2000,0,0,0,0.00,27.51,945.85,574.87
001,4095,4095,4095,4095,,,0,0,2000,0,0,0,0.00,27.19,945.89,574.49
001,4095,4095,4095,4095,,,0,0,2000,0,0,0,0.00,27.19,945.89,574.49
001,4095,4095,4095,4095,,,0,0,2000,0,0,0,0.00,27.19,945.89,574.49
001,4095,4095,4095,4095,,,0,0,2000,0,0,0,0.00,26.67,945.70,576.13
001,4095,4095,4095,4095,,,0,0,2000,0,0,0,0.00,26.67,945.70,576.13
001,4095,4095,4095,4095,,,0,0,2000,0,0,0,0.00,26.67,945.70,576.13
001,4095,4095,4095,4095,,,0,0,2000,0,0,0,0.00,25.99,945.69,576.21
001,4095,4095,4095,4095,,,0,0,2000,0,0,0,0.00,25.99,945.69,576.21
001,4095,4095,4095,4095,,,0,0,2000,0,0,0,0.00,25.99,945.69,576.21
001,4095,4095,4095,4095,,,0,0,2000,0,0,0,0.00,26.73,945.57,577.34
001,1059,1058,1075,1059,,,0,0,2000,0,0,0,0.00,26.73,945.57,577.34
001,1075,1081,1071,1087,,,0,0,2000,0,0,0,0.00,26.73,945.57,577.34
001,2176,2736,2688,940,,,0,0,2000,0,0,0,0.00,26.48,945.46,578.31
001,3968,3908,3968,3840,,,0,0,2000,0,0,0,0.00,26.48,945.46,578.31
001,999,1036,1004,1010,,,0,0,2000,0,0,0,0.00,26.48,945.46,578.31
001,4095,4095,4095,4095,,,0,0,2000,0,0,0,0.00,26.69,945.44,578.44
001,977,986,976,980,,,0,0,2000,0,0,0,0.00,26.69,945.44,578.44
001,1005,1063,1038,1029,,,0,0,2000,0,0,0,0.00,26.69,945.44,578.44
001,4095,4095,4095,4095,,,0,0,2000,0,0,0,0.00,27.07,945.39,578.86
001,1139,1132,1132,1135,,,0,0,2000,0,0,0,0.00,27.07,945.39,578.86
001,1100,1137,1121,1103,,,0,0,2000,0,0,0,0.00,27.07,945.39,578.86
001,4095,4095,4095,4095,,,0,0,2000,0,0,0,0.00,27.80,945.29,579.80
001,4095,4095,4095,4095,,,0,0,2000,0,0,0,0.00,27.80,945.29,579.80
001,4095,4095,4095,4095,,,0,0,2000,0,0,0,0.00,27.80,945.29,579.80
001,4095,4095,4095,4095,,,0,0,2000,0,0,0,0.00,27.74,945.30,579.67
001,4095,4095,4095,4095,,,0,0,2000,0,0,0,0.00,27.74,945.30,579.67
001,4095,4092,4095,4095,,,0,0,2000,0,0,0,0.00,27.74,945.30,579.67
001,4095,4095,4095,4095,,,0,0,2000,0,0,0,0.00,27.20,945.28,579.87
001,797,805,787,796,,,0,0,2000,0,0,0,0.00,27.20,945.28,579.87
001,1112,1115,1099,1109,,,0,0,2000,0,0,0,0.00,27.20,945.28,579.87
001,4092,4064,4094,3968,,,0,0,2000,0,0,0,0.00,27.03,945.30,579.71
001,4095,4095,4095,4095,,,0,0,2000,0,0,0,0.00,27.03,945.30,579.71
001,4095,4095,4095,4095,,,0,0,2000,0,0,0,0.00,27.03,945.30,579.71
001,4095,4095,4095,4095,,,0,0,2000,0,0,0,0.00,27.59,945.28,579.85
001,4095,4095,4095,4095,,,0,0,2000,0,0,0,0.00,27.59,945.28,579.85
001,4095,4095,4095,4095,,,0,0,2000,0,0,0,0.00,27.59,945.28,579.85
001,4095,4095,4095,4095,,,0,0,2000,0,0,0,0.00,26.60,945.18,580.69
001,3968,4032,3968,3968,,,0,0,2000,0,0,0,0.00,26.60,945.18,580.69
001,3920,3968,4094,4064,,,0,0,2000,0,0,0,0.00,26.60,945.18,580.69
001,4095,4095,4095,4095,,,0,0,2000,0,0,0,0.00,26.47,945.22,580.37
001,4095,4095,4095,4095,,,0,0,2000,0,0,0,0.00,26.47,945.22,580.37
001,4095,4095,4095,4095,,,0,0,2000,0,0,0,0.00,26.47,945.22,580.37
001,4095,4095,4095,4095,,,0,0,2000,0,0,0,0.00,26.63,945.15,581.02
001,4095,4095,4095,4095,,,0,0,2000,0,0,0,0.00,26.63,945.15,581.02
001,4095,4095,4095,4095,,,0,0,2000,0,0,0,0.00,26.63,945.15,581.02
001,4095,4095,4095,4095,,,0,0,2000,0,0,0,0.00,26.18,945.05,581.90
001,4095,4095,4095,4095,,,0,0,2000,0,0,0,0.00,26.18,945.05,581.90
001,4095,4095,4095,4095,,,0,0,2000,0,0,0,0.00,26.18,945.05,581.90
001,4095,4095,4095,4092,,,0,0,2000,0,0,0,0.00,26.04,945.05,581.91
001,4095,4095,4095,4095,,,0,0,2000,0,0,0,0.00,26.04,945.05,581.91
001,4095,4095,4095,4095,,,0,0,2000,0,0,0,0.00,26.04,945.05,581.91
001,4095,4095,4095,4095,,,0,0,2000,0,0,0,0.00,26.12,945.00,582.32
001,3968,4016,3968,4075,,,0,0,2000,0,0,0,0.00,26.12,945.00,582.32
001,3968,4032,3968,4000,,,0,0,2000,0,0,0,0.00,26.12,945.00,582.32
001,4095,4095,4095,4095,,,0,0,2000,0,0,0,0.00,26.57,945.02,582.16
001,931,947,940,942,,,0,0,2000,0,0,0,0.00,26.57,945.02,582.16
001,961,962,959,958,,,0,0,2000,0,0,0,0.00,26.57,945.02,582.16
001,4095,3843,935,935,,,0,0,2000,0,0,0,0.00,26.39,944.95,582.76
001,905,921,904,905,,,0,0,2000,0,0,0,0.00,26.39,944.95,582.76
001,944,939,935,939,,,0,0,2000,0,0,0,0.00,26.39,944.95,582.76
001,4095,4095,4095,4095,,,0,0,2000,0,0,0,0.00,25.89,945.03,582.01
001,4095,4095,4095,4095,,,0,0,2000,0,0,0,0.00,25.89,945.03,582.01
001,865,878,873,876,,,0,0,2000,0,0,0,0.00,25.89,945.03,582.01
001,4095,4095,4095,4095,,,0,0,2000,0,0,0,0.00,25.74,944.95,582.80
001,854,851,858,849,,,0,0,2000,0,0,0,0.00,25.74,944.95,582.80
001,727,694,683,680,,,0,0,2000,0,0,0,0.00,25.74,944.95,582.80
001,4095,4095,4095,4095,,,0,0,2000,0,0,0,0.00,25.46,944.97,582.57
001,732,737,739,741,,,0,0,2000,0,0,0,0.00,25.46,944.97,582.57
001,751,745,753,749,,,0,0,2000,0,0,0,0.00,25.46,944.97,582.57
001,4095,4095,4095,4095,,,0,0,2000,0,0,0,0.00,24.76,944.93,582.92
001,4095,4095,4095,4095,,,0,0,2000,0,0,0,0.00,24.76,944.93,582.92
001,4095,4095,4095,4095,,,0,0,2000,0,0,0,0.00,24.76,944.93,582.92
001,4095,4095,4095,4095,,,0,0,2000,0,0,0,0.00,24.27,944.92,583.02
001,683,682,681,683,,,0,0,2000,0,0,0,0.00,24.27,944.92,583.02
001,735,694,700,698,,,0,0,2000,0,0,0,0.00,24.27,944.92,583.02
001,4095,4095,4095,4095,,,0,0,2000,0,0,0,0.00,23.78,945.00,582.34
001,634,636,625,648,,,0,0,2000,0,0,0,0.00,23.78,945.00,582.34
001,539,562,544,547,,,0,0,2000,0,0,0,0.00,23.78,945.00,582.34
001,4095,4095,4095,4095,,,0,0,2000,0,0,0,0.00,23.12,944.94,582.86
001,4064,3840,4089,3712,,,0,0,2000,0,0,0,0.00,23.12,944.94,582.86
001,3776,3712,3983,3960,,,0,0,2000,0,0,0,0.00,23.12,944.94,582.86
001,4095,4095,4095,4095,,,0,0,2000,0,0,0,0.00,22.90,944.98,582.49
001,4095,4095,4095,4095,,,0,0,2000,0,0,0,0.00,22.90,944.98,582.49
001,4095,4095,4095,4095,,,0,0,2000,0,0,0,0.00,22.90,944.98,582.49
001,4095,4095,4095,4000,,,0,0,2000,0,0,0,0.00,22.71,944.83,583.78
001,3934,4032,3920,3984,,,0,0,2000,0,0,0,0.00,22.71,944.83,583.78
001,4016,4088,3416,3824,,,0,0,2000,0,0,0,0.00,22.71,944.83,583.78
001,4095,4095,4095,4095,,,0,0,2000,0,0,0,0.00,22.11,944.95,582.73
001,4095,4094,4095,4095,,,0,0,2000,0,0,0,0.00,22.11,944.95,582.73
001,4095,4095,4095,4095,,,0,0,2000,0,0,0,0.00,22.11,944.95,582.73
001,4095,4095,4095,4095,,,0,0,2000,0,0,0,0.00,21.85,944.92,583.03
001,4095,4095,4095,4095,,,0,0,2000,0,0,0,0.00,21.85,944.92,583.03
001,4032,3584,3968,3968,,,0,0,2000,0,0,0,0.00,21.85,944.92,583.03
001,4095,4095,4095,4095,,,0,0,2000,0,0,0,0.00,21.48,944.89,583.33
001,4095,4095,4095,4095,,,0,0,2000,0,0,0,0.00,21.48,944.89,583.33
001,4095,4095,4095,4095,,,0,0,2000,0,0,0,0.00,21.48,944.89,583.33
001,4095,4095,4095,4095,,,0,0,2000,0,0,0,0.00,21.00,944.83,583.84
001,210,206,209,205,,,0,0,2000,0,0,0,0.00,21.00,944.83,583.84
001,213,216,211,246,,,0,0,2000,0,0,0,0.00,21.00,944.83,583.84
001,4095,4095,4095,4095,,,0,0,2000,0,0,0,0.00,20.56,944.76,584.40
001,4095,4095,4095,4095,,,0,0,2000,0,0,0,0.00,20.56,944.76,584.40
001,3968,3968,3968,3840,,,0,0,2000,0,0,0,0.00,20.56,944.76,584.40
001,4095,4095,4095,4095,,,0,0,2000,0,0,0,0.00,20.00,944.78,584.28
001,4064,3968,3840,4032,,,0,0,2000,0,0,0,0.00,20.00,944.78,584.28
001,4095,4095,4095,4095,,,0,0,2000,0,0,0,0.00,20.00,944.78,584.28
001,4095,4095,4095,4095,,,0,0,2000,0,0,0,0.00,19.57,944.83,583.79
001,4095,4095,4095,4095,,,0,0,2000,0,0,0,0.00,19.57,944.83,583.79
001,4095,4095,4095,4095,,,0,0,2000,0,0,0,0.00,19.57,944.83,583.79
001,4095,4095,4095,4095,,,0,0,2000,0,0,0,0.00,18.76,944.87,583.43
001,4095,4095,4095,4095,,,0,0,2000,0,0,0,0.00,18.76,944.87,583.43
001,4092,4095,4095,2816,,,0,0,2000,0,0,0,0.00,18.76,944.87,583.43
001,4095,4095,4095,4095,,,0,0,2000,0,0,0,0.00,18.12,944.88,583.40
001,3968,3968,3968,3840,,,0,0,2000,0,0,0,0.00,18.12,944.88,583.40
001,3968,216,2048,13,,,0,0,2000,0,0,0,0.00,18.12,944.88,583.40
