002,883,700,731,416,33.5566,S,70.5995,W,13,7,2020,14,46,5,648.80,,,
002,879,696,734,385,33.5566,S,70.5995,W,13,7,2020,14,46,44,638.50,,,
002,836,730,755,403,33.5566,S,70.5995,W,13,7,2020,14,47,23,,,,
002,835,695,726,380,33.5567,S,70.5995,W,13,7,2020,14,55,43,638.40,,,
002,847,707,726,372,33.5567,S,70.5995,W,13,7,2020,14,56,22,638.40,,,
002,835,697,681,390,33.5567,S,70.5995,W,13,7,2020,14,57,1,,,,
002,924,702,732,432,33.5567,S,70.5995,W,13,7,2020,15,0,43,639.90,,,
002,879,712,732,403,33.5567,S,70.5995,W,13,7,2020,15,1,22,639.90,,,
002,871,720,743,416,33.5567,S,70.5995,W,13,7,2020,15,2,1,,,,
002,896,726,753,433,33.5567,S,70.5995,W,13,7,2020,15,5,43,639.30,,,
002,851,747,760,415,33.5567,S,70.5995,W,13,7,2020,15,6,22,639.30,,,
002,924,714,743,398,33.5567,S,70.5995,W,13,7,2020,15,7,1,,,,
002,892,775,776,459,33.5566,S,70.5995,W,13,7,2020,15,10,43,630.70,,,
002,896,744,764,424,33.5566,S,70.5995,W,13,7,2020,15,11,22,630.70,,,
002,899,775,787,441,33.5566,S,70.5995,W,13,7,2020,15,12,1,,,,
002,899,737,758,416,33.5566,S,70.5995,W,13,7,2020,15,15,43,630.40,,,
002,924,752,755,414,33.5566,S,70.5995,W,13,7,2020,15,16,22,630.40,,,
002,903,735,766,407,33.5566,S,70.5995,W,13,7,2020,15,17,1,,,,
002,913,775,784,430,33.5566,S,70.5995,W,13,7,2020,15,20,43,632.50,,,
002,936,758,776,432,33.5566,S,70.5995,W,13,7,2020,15,21,22,632.50,,,
002,944,768,780,451,33.5566,S,70.5995,W,13,7,2020,15,22,1,,,,
002,936,764,792,420,33.5566,S,70.5995,W,13,7,2020,15,25,43,632.00,,,
002,935,759,768,423,33.5566,S,70.5995,W,13,7,2020,15,26,22,632.00,,,
002,864,748,768,470,33.5566,S,70.5995,W,13,7,2020,15,27,1,,,,
002,911,732,763,422,33.5566,S,70.5995,W,13,7,2020,15,30,43,631.40,,,
002,911,747,779,435,33.5566,S,70.5995,W,13,7,2020,15,31,22,631.40,,,
002,927,743,779,447,33.5566,S,70.5995,W,13,7,2020,15,32,1,,,,
002,911,724,759,394,33.5566,S,70.5995,W,13,7,2020,15,35,43,629.90,,,
002,924,744,764,432,33.5566,S,70.5995,W,13,7,2020,15,36,22,629.90,,,
002,822,736,760,397,33.5566,S,70.5995,W,13,7,2020,15,37,1,,,,
002,903,736,766,400,33.5566,S,70.5995,W,13,7,2020,15,40,43,633.60,,,
002,888,718,768,422,33.5566,S,70.5995,W,13,7,2020,15,41,22,633.60,,,
002,920,778,796,423,33.5566,S,70.5995,W,13,7,2020,15,42,1,,,,
002,871,775,808,471,33.5566,S,70.5995,W,13,7,2020,15,45,43,628.60,,,
002,1046,792,824,468,33.5566,S,70.5995,W,13,7,2020,15,46,22,628.60,,,
002,936,785,816,449,33.5566,S,70.5995,W,13,7,2020,15,47,1,,,,
002,915,775,815,444,33.5566,S,70.5995,W,13,7,2020,15,50,43,629.30,,,
002,945,812,784,472,33.5566,S,70.5995,W,13,7,2020,15,51,22,629.30,,,
002,956,792,803,455,33.5566,S,70.5995,W,13,7,2020,15,52,1,,,,
002,899,771,776,419,33.5566,S,70.5995,W,13,7,2020,15,55,43,629.30,,,
002,911,759,775,428,33.5566,S,70.5995,W,13,7,2020,15,56,22,629.30,,,
002,931,743,780,431,33.5566,S,70.5995,W,13,7,2020,15,57,1,,,,
002,1014,846,878,492,33.5566,S,70.5995,W,13,7,2020,16,0,43,630.40,,,
002,976,798,819,489,33.5566,S,70.5995,W,13,7,2020,16,1,22,630.40,,,
002,972,780,847,484,33.5566,S,70.5995,W,13,7,2020,16,2,1,,,,
002,4095,4095,4095,4095,33.5566,S,70.5994,W,13,7,2020,16,7,18,624.30,28.18,950.00,538.37
002,0,0,0,0,33.5566,S,70.5994,W,13,7,2020,16,7,19,624.30,28.18,950.00,538.37
002,0,0,0,0,33.5566,S,70.5994,W,13,7,2020,16,7,20,624.30,28.18,950.00,538.37
002,927,790,816,432,33.5566,S,70.5995,W,13,7,2020,16,10,43,626.00,,,
002,931,804,819,494,33.5566,S,70.5995,W,13,7,2020,16,11,22,626.00,,,
002,927,800,807,468,33.5566,S,70.5995,W,13,7,2020,16,12,1,,,,
002,904,771,792,420,33.5566,S,70.5995,W,13,7,2020,16,15,43,629.00,,,
002,952,806,799,441,33.5566,S,70.5995,W,13,7,2020,16,16,22,629.00,,,
002,1006,863,812,471,33.5566,S,70.5995,W,13,7,2020,16,17,1,,,,
002,1006,835,846,474,33.5566,S,70.5995,W,13,7,2020,16,20,43,634.30, NAN, NAN, NAN
002,952,839,847,443,33.5566,S,70.5995,W,13,7,2020,16,21,22,634.30, NAN, NAN, NAN
002,959,775,843,494,33.5566,S,70.5995,W,13,7,2020,16,22,1,, NAN, NAN, NAN
002,959,803,799,444,33.5566,S,70.5995,W,13,7,2020,16,25,54,634.90,28.88,949.77,540.41
002,988,830,839,463,33.5566,S,70.5995,W,13,7,2020,16,26,33,634.90,28.88,949.77,540.41
002,935,775,847,491,33.5566,S,70.5995,W,13,7,2020,16,27,12,,28.88,949.77,540.41
002,559,587,507,336,33.5566,S,70.5995,W,13,7,2020,18,24,26,636.00,,,
002,792,617,672,359,33.5566,S,70.5995,W,13,7,2020,18,25,5,636.00,,,
002,803,635,665,349,33.5566,S,70.5995,W,13,7,2020,18,25,44,,,,
002,4095,4085,4095,4095,33.5566,S,70.5995,W,13,7,2020,18,32,54,634.70,,,
002,0,0,0,0,33.5566,S,70.5995,W,13,7,2020,18,32,55,634.70,,,
002,0,0,0,0,33.5566,S,70.5995,W,13,7,2020,18,32,56,634.70,,,
002,711,591,584,310,33.5566,S,70.5995,W,13,7,2020,18,40,43,634.80,,,
002,705,579,601,348,33.5566,S,70.5995,W,13,7,2020,18,41,22,634.80,,,
002,718,611,590,317,33.5566,S,70.5995,W,13,7,2020,18,42,1,,,,
002,687,571,571,294,33.5565,S,70.5995,W,0,0,2000,18,45,47,644.70,,,
002,700,552,543,277,33.5565,S,70.5995,W,0,0,2000,18,46,26,644.70,,,
002,649,558,563,297,33.5565,S,70.5995,W,13,7,2020,18,47,6,,,,
002,13,11,15,9,,,13,7,2020,19,27,10,0.00,,,
002,10,8,9,9,33.5567,S,70.5993,W,13,7,2020,19,27,49,0.00,,,
002,9,7,7,8,33.5568,S,70.5990,W,13,7,2020,19,28,28,0.00,,,
002,564,457,477,236,33.5566,S,70.5994,W,13,7,2020,19,47,46,636.80,,,
002,554,465,463,259,33.5566,S,70.5994,W,13,7,2020,19,48,25,636.80,,,
002,531,439,458,216,33.5566,S,70.5994,W,13,7,2020,19,49,4,,,,
002,518,448,436,281,33.5566,S,70.5994,W,13,7,2020,19,52,54,630.10,,,
002,560,451,467,220,33.5566,S,70.5994,W,13,7,2020,19,53,33,630.10,,,
002,541,481,462,216,33.5566,S,70.5994,W,13,7,2020,19,54,12,,,,
002,561,471,476,252,33.5566,S,70.5994,W,13,7,2020,20,0,44,640.80,,,
002,563,491,478,252,33.5566,S,70.5994,W,13,7,2020,20,1,23,640.80,,,
002,561,497,465,216,33.5566,S,70.5994,W,13,7,2020,20,2,2,,,,
002,555,494,485,291,33.5566,S,70.5995,W,13,7,2020,20,5,44,0.00,,,
002,600,486,484,262,33.5566,S,70.5995,W,13,7,2020,20,6,23,638.10,,,
002,583,491,488,262,33.5566,S,70.5995,W,13,7,2020,20,7,2,638.10,,,
002,544,441,453,307,33.5566,S,70.5995,W,13,7,2020,20,10,44,0.00,,,
002,534,449,463,202,33.5566,S,70.5995,W,13,7,2020,20,11,23,637.60,,,
002,547,466,463,223,33.5566,S,70.5995,W,13,7,2020,20,12,2,,,,
002,501,435,451,219,33.5565,S,70.5995,W,13,7,2020,20,15,44,627.40,,,
002,526,438,436,237,33.5565,S,70.5995,W,13,7,2020,20,16,23,627.40,,,
002,521,425,436,225,33.5565,S,70.5995,W,13,7,2020,20,17,2,,,,
002,480,417,427,221,33.5566,S,70.5994,W,13,7,2020,20,20,44,626.30,,,
002,471,403,433,207,33.5566,S,70.5994,W,13,7,2020,20,21,23,626.30,,,
002,508,380,406,225,33.5566,S,70.5994,W,13,7,2020,20,22,2,,,,
002,502,412,427,221,33.5565,S,70.5994,W,13,7,2020,20,25,44,630.60,,,
002,507,417,419,273,33.5565,S,70.5994,W,13,7,2020,20,26,23,630.60,,,
002,503,431,412,184,33.5565,S,70.5994,W,13,7,2020,20,27,2,,,,
002,448,380,389,207,33.5565,S,70.5995,W,13,7,2020,20,30,44,632.80,,,
002,452,387,385,199,33.5565,S,70.5995,W,13,7,2020,20,31,23,632.80,,,
002,439,369,380,209,33.5565,S,70.5995,W,13,7,2020,20,32,2,,,,
002,432,364,364,198,33.5566,S,70.5995,W,13,7,2020,20,35,44,0.00,,,
002,430,352,352,206,33.5566,S,70.5995,W,13,7,2020,20,36,23,632.20,,,
002,412,326,360,200,33.5566,S,70.5995,W,13,7,2020,20,37,2,,,,
002,399,324,329,195,33.5566,S,70.5995,W,13,7,2020,20,40,44,634.20,,,
002,375,337,329,189,33.5566,S,70.5995,W,13,7,2020,20,41,23,634.20,,,
002,388,323,324,203,33.5566,S,70.5995,W,13,7,2020,20,42,2,,,,
002,364,299,312,231,33.5566,S,70.5995,W,13,7,2020,20,45,44,0.00,,,
002,359,296,296,192,33.5566,S,70.5995,W,13,7,2020,20,46,23,637.60,,,
002,352,291,303,192,33.5566,S,70.5995,W,13,7,2020,20,47,2,,,,
002,315,262,266,248,33.5566,S,70.5995,W,13,7,2020,20,50,44,0.00,,,
002,318,265,258,185,33.5566,S,70.5995,W,13,7,2020,20,51,23,635.50,,,
002,308,261,249,203,33.5566,S,70.5995,W,13,7,2020,20,52,2,,,,
002,262,231,220,190,33.5566,S,70.5995,W,13,7,2020,20,55,44,0.00,,,
002,227,145,225,172,33.5566,S,70.5995,W,13,7,2020,20,56,23,639.40,,,
002,216,142,203,184,33.5566,S,70.5995,W,13,7,2020,20,57,2,,,,
002,175,107,170,150,33.5566,S,70.5995,W,13,7,2020,21,0,44,0.00,,,
002,169,107,173,121,33.5566,S,70.5995,W,13,7,2020,21,1,23,636.90,,,
002,176,127,165,147,33.5566,S,70.5995,W,13,7,2020,21,2,2,636.90,,,
002,187,140,144,98,33.5566,S,70.5995,W,13,7,2020,21,5,44,0.00,,,
002,174,151,138,96,33.5566,S,70.5995,W,13,7,2020,21,6,23,636.10,,,
002,176,138,142,66,33.5566,S,70.5995,W,13,7,2020,21,7,2,636.10,,,
