002,883,700,731,416,33.5566,S,70.5995,W,13,7,2020,14,46,5,648.80,,,
002,879,696,734,385,33.5566,S,70.5995,W,13,7,2020,14,46,44,638.50,,,
002,836,730,755,403,33.5566,S,70.5995,W,13,7,2020,14,47,23,,,,
002,835,695,726,380,33.5567,S,70.5995,W,13,7,2020,14,55,43,638.40,,,
002,847,707,726,372,33.5567,S,70.5995,W,13,7,2020,14,56,22,638.40,,,
002,835,697,681,390,33.5567,S,70.5995,W,13,7,2020,14,57,1,,,,
002,924,702,732,432,33.5567,S,70.5995,W,13,7,2020,15,0,43,639.90,,,
002,879,712,732,403,33.5567,S,70.5995,W,13,7,2020,15,1,22,639.90,,,
002,871,720,743,416,33.5567,S,70.5995,W,13,7,2020,15,2,1,,,,
002,896,726,753,433,33.5567,S,70.5995,W,13,7,2020,15,5,43,639.30,,,
002,851,747,760,415,33.5567,S,70.5995,W,13,7,2020,15,6,22,639.30,,,
002,924,714,743,398,33.5567,S,70.5995,W,13,7,2020,15,7,1,,,,
002,892,775,776,459,33.5566,S,70.5995,W,13,7,2020,15,10,43,630.70,,,
002,896,744,764,424,33.5566,S,70.5995,W,13,7,2020,15,11,22,630.70,,,
002,899,775,787,441,33.5566,S,70.5995,W,13,7,2020,15,12,1,,,,
002,899,737,758,416,33.5566,S,70.5995,W,13,7,2020,15,15,43,630.40,,,
002,924,752,755,414,33.5566,S,70.5995,W,13,7,2020,15,16,22,630.40,,,
002,903,735,766,407,33.5566,S,70.5995,W,13,7,2020,15,17,1,,,,
002,913,775,784,430,33.5566,S,70.5995,W,13,7,2020,15,20,43,632.50,,,
002,936,758,776,432,33.5566,S,70.5995,W,13,7,2020,15,21,22,632.50,,,
002,944,768,780,451,33.5566,S,70.5995,W,13,7,2020,15,22,1,,,,
002,936,764,792,420,33.5566,S,70.5995,W,13,7,2020,15,25,43,632.00,,,
002,935,759,768,423,33.5566,S,70.5995,W,13,7,2020,15,26,22,632.00,,,
002,864,748,768,470,33.5566,S,70.5995,W,13,7,2020,15,27,1,,,,
002,911,732,763,422,33.5566,S,70.5995,W,13,7,2020,15,30,43,631.40,,,
002,911,747,779,435,33.5566,S,70.5995,W,13,7,2020,15,31,22,631.40,,,
002,927,743,779,447,33.5566,S,70.5995,W,13,7,2020,15,32,1,,,,
002,911,724,759,394,33.5566,S,70.5995,W,13,7,2020,15,35,43,629.90,,,
002,924,744,764,432,33.5566,S,70.5995,W,13,7,2020,15,36,22,629.90,,,
002,822,736,760,397,33.5566,S,70.5995,W,13,7,2020,15,37,1,,,,
002,903,736,766,400,33.5566,S,70.5995,W,13,7,2020,15,40,43,633.60,,,
002,888,718,768,422,33.5566,S,70.5995,W,13,7,2020,15,41,22,633.60,,,
002,920,778,796,423,33.5566,S,70.5995,W,13,7,2020,15,42,1,,,,
002,871,775,808,471,33.5566,S,70.5995,W,13,7,2020,15,45,43,628.60,,,
002,1046,792,824,468,33.5566,S,70.5995,W,13,7,2020,15,46,22,628.60,,,
002,936,785,816,449,33.5566,S,70.5995,W,13,7,2020,15,47,1,,,,
002,915,775,815,444,33.5566,S,70.5995,W,13,7,2020,15,50,43,629.30,,,
002,945,812,784,472,33.5566,S,70.5995,W,13,7,2020,15,51,22,629.30,,,
002,956,792,803,455,33.5566,S,70.5995,W,13,7,2020,15,52,1,,,,
002,899,771,776,419,33.5566,S,70.5995,W,13,7,2020,15,55,43,629.30,,,
002,911,759,775,428,33.5566,S,70.5995,W,13,7,2020,15,56,22,629.30,,,
002,931,743,780,431,33.5566,S,70.5995,W,13,7,2020,15,57,1,,,,
002,1014,846,878,492,33.5566,S,70.5995,W,13,7,2020,16,0,43,630.40,,,
002,976,798,819,489,33.5566,S,70.5995,W,13,7,2020,16,1,22,630.40,,,
002,972,780,847,484,33.5566,S,70.5995,W,13,7,2020,16,2,1,,,,
002,4095,4095,4095,4095,33.5566,S,70.5994,W,13,7,2020,16,7,18,624.30,28.18,950.00,538.37
002,0,0,0,0,33.5566,S,70.5994,W,13,7,2020,16,7,19,624.30,28.18,950.00,538.37
002,0,0,0,0,33.5566,S,70.5994,W,13,7,2020,16,7,20,624.30,28.18,950.00,538.37
002,927,790,816,432,33.5566,S,70.5995,W,13,7,2020,16,10,43,626.00,,,
002,931,804,819,494,33.5566,S,70.5995,W,13,7,2020,16,11,22,626.00,,,
002,927,800,807,468,33.5566,S,70.5995,W,13,7,2020,16,12,1,,,,
002,904,771,792,420,33.5566,S,70.5995,W,13,7,2020,16,15,43,629.00,,,
002,952,806,799,441,33.5566,S,70.5995,W,13,7,2020,16,16,22,629.00,,,
002,1006,863,812,471,33.5566,S,70.5995,W,13,7,2020,16,17,1,,,,
002,1006,835,846,474,33.5566,S,70.5995,W,13,7,2020,16,20,43,634.30, NAN, NAN, NAN
002,952,839,847,443,33.5566,S,70.5995,W,13,7,2020,16,21,22,634.30, NAN, NAN, NAN
002,959,775,843,494,33.5566,S,70.5995,W,13,7,2020,16,22,1,, NAN, NAN, NAN
002,959,803,799,444,33.5566,S,70.5995,W,13,7,2020,16,25,54,634.90,28.88,949.77,540.41
002,988,830,839,463,33.5566,S,70.5995,W,13,7,2020,16,26,33,634.90,28.88,949.77,540.41
002,935,775,847,491,33.5566,S,70.5995,W,13,7,2020,16,27,12,,28.88,949.77,540.41
002,559,587,507,336,33.5566,S,70.5995,W,13,7,2020,18,24,26,636.00,,,
002,792,617,672,359,33.5566,S,70.5995,W,13,7,2020,18,25,5,636.00,,,
002,803,635,665,349,33.5566,S,70.5995,W,13,7,2020,18,25,44,,,,
002,4095,4085,4095,4095,33.5566,S,70.5995,W,13,7,2020,18,32,54,634.70,,,
002,0,0,0,0,33.5566,S,70.5995,W,13,7,2020,18,32,55,634.70,,,
002,0,0,0,0,33.5566,S,70.5995,W,13,7,2020,18,32,56,634.70,,,
002,711,591,584,310,33.5566,S,70.5995,W,13,7,2020,18,40,43,634.80,,,
002,705,579,601,348,33.5566,S,70.5995,W,13,7,2020,18,41,22,634.80,,,
002,718,611,590,317,33.5566,S,70.5995,W,13,7,2020,18,42,1,,,,
002,687,571,571,294,33.5565,S,70.5995,W,0,0,2000,18,45,47,644.70,,,
002,700,552,543,277,33.5565,S,70.5995,W,0,0,2000,18,46,26,644.70,,,
002,649,558,563,297,33.5565,S,70.5995,W,13,7,2020,18,47,6,,,,
002,13,11,15,9,,,13,7,2020,19,27,10,0.00,,,
002,10,8,9,9,33.5567,S,70.5993,W,13,7,2020,19,27,49,0.00,,,
002,9,7,7,8,33.5568,S,70.5990,W,13,7,2020,19,28,28,0.00,,,
002,564,457,477,236,33.5566,S,70.5994,W,13,7,2020,19,47,46,636.80,,,
002,554,465,463,259,33.5566,S,70.5994,W,13,7,2020,19,48,25,636.80,,,
002,531,439,458,216,33.5566,S,70.5994,W,13,7,2020,19,49,4,,,,
002,518,448,436,281,33.5566,S,70.5994,W,13,7,2020,19,52,54,630.10,,,
002,560,451,467,220,33.5566,S,70.5994,W,13,7,2020,19,53,33,630.10,,,
002,541,481,462,216,33.5566,S,70.5994,W,13,7,2020,19,54,12,,,,
002,561,471,476,252,33.5566,S,70.5994,W,13,7,2020,20,0,44,640.80,,,
002,563,491,478,252,33.5566,S,70.5994,W,13,7,2020,20,1,23,640.80,,,
002,561,497,465,216,33.5566,S,70.5994,W,13,7,2020,20,2,2,,,,
002,555,494,485,291,33.5566,S,70.5995,W,13,7,2020,20,5,44,0.00,,,
002,600,486,484,262,33.5566,S,70.5995,W,13,7,2020,20,6,23,638.10,,,
002,583,491,488,262,33.5566,S,70.5995,W,13,7,2020,20,7,2,638.10,,,
002,544,441,453,307,33.5566,S,70.5995,W,13,7,2020,20,10,44,0.00,,,
002,534,449,463,202,33.5566,S,70.5995,W,13,7,2020,20,11,23,637.60,,,
002,547,466,463,223,33.5566,S,70.5995,W,13,7,2020,20,12,2,,,,
002,501,435,451,219,33.5565,S,70.5995,W,13,7,2020,20,15,44,627.40,,,
002,526,438,436,237,33.5565,S,70.5995,W,13,7,2020,20,16,23,627.40,,,
002,521,425,436,225,33.5565,S,70.5995,W,13,7,2020,20,17,2,,,,
002,480,417,427,221,33.5566,S,70.5994,W,13,7,2020,20,20,44,626.30,,,
002,471,403,433,207,33.5566,S,70.5994,W,13,7,2020,20,21,23,626.30,,,
002,508,380,406,225,33.5566,S,70.5994,W,13,7,2020,20,22,2,,,,
002,502,412,427,221,33.5565,S,70.5994,W,13,7,2020,20,25,44,630.60,,,
002,507,417,419,273,33.5565,S,70.5994,W,13,7,2020,20,26,23,630.60,,,
002,503,431,412,184,33.5565,S,70.5994,W,13,7,2020,20,27,2,,,,
002,448,380,389,207,33.5565,S,70.5995,W,13,7,2020,20,30,44,632.80,,,
002,452,387,385,199,33.5565,S,70.5995,W,13,7,2020,20,31,23,632.80,,,
002,439,369,380,209,33.5565,S,70.5995,W,13,7,2020,20,32,2,,,,
002,432,364,364,198,33.5566,S,70.5995,W,13,7,2020,20,35,44,0.00,,,
002,430,352,352,206,33.5566,S,70.5995,W,13,7,2020,20,36,23,632.20,,,
002,412,326,360,200,33.5566,S,70.5995,W,13,7,2020,20,37,2,,,,
002,399,324,329,195,33.5566,S,70.5995,W,13,7,2020,20,40,44,634.20,,,
002,375,337,329,189,33.5566,S,70.5995,W,13,7,2020,20,41,23,634.20,,,
002,388,323,324,203,33.5566,S,70.5995,W,13,7,2020,20,42,2,,,,
002,364,299,312,231,33.5566,S,70.5995,W,13,7,2020,20,45,44,0.00,,,
002,359,296,296,192,33.5566,S,70.5995,W,13,7,2020,20,46,23,637.60,,,
002,352,291,303,192,33.5566,S,70.5995,W,13,7,2020,20,47,2,,,,
002,315,262,266,248,33.5566,S,70.5995,W,13,7,2020,20,50,44,0.00,,,
002,318,265,258,185,33.5566,S,70.5995,W,13,7,2020,20,51,23,635.50,,,
002,308,261,249,203,33.5566,S,70.5995,W,13,7,2020,20,52,2,,,,
002,262,231,220,190,33.5566,S,70.5995,W,13,7,2020,20,55,44,0.00,,,
002,227,145,225,172,33.5566,S,70.5995,W,13,7,2020,20,56,23,639.40,,,
002,216,142,203,184,33.5566,S,70.5995,W,13,7,2020,20,57,2,,,,
002,175,107,170,150,33.5566,S,70.5995,W,13,7,2020,21,0,44,0.00,,,
002,169,107,173,121,33.5566,S,70.5995,W,13,7,2020,21,1,23,636.90,,,
002,176,127,165,147,33.5566,S,70.5995,W,13,7,2020,21,2,2,636.90,,,
002,187,140,144,98,33.5566,S,70.5995,W,13,7,2020,21,5,44,0.00,,,
002,174,151,138,96,33.5566,S,70.5995,W,13,7,2020,21,6,23,636.10,,,
002,176,138,142,66,33.5566,S,70.5995,W,13,7,2020,21,7,2,636.10,,,
002,13,9,9,8,33.4581,S,70.6620,W,27,7,2020,16,23,57,553.00,,,
002,13,6,9,11,33.4581,S,70.6620,W,27,7,2020,16,24,36,552.70,,,
002,15,6,10,9,33.4581,S,70.6620,W,27,7,2020,16,25,15,552.70,,,
002,13,8,9,9,33.4581,S,70.6620,W,27,7,2020,16,28,43,555.70,,,
002,12,6,11,9,33.4581,S,70.6620,W,27,7,2020,16,29,22,555.70,,,
002,14,8,10,9,33.4581,S,70.6620,W,27,7,2020,16,30,1,555.70,,,
002,13,9,12,9,33.4582,S,70.6620,W,27,7,2020,16,33,43,552.80,,,
002,11,8,11,9,33.4582,S,70.6620,W,27,7,2020,16,34,22,552.80,,,
002,13,6,13,9,33.4582,S,70.6620,W,27,7,2020,16,35,1,552.80,,,
002,12,7,11,8,33.4582,S,70.6620,W,27,7,2020,16,38,43,553.00,,,
002,13,7,11,9,33.4582,S,70.6620,W,27,7,2020,16,39,22,553.00,,,
002,13,8,12,9,33.4582,S,70.6620,W,27,7,2020,16,40,1,553.00,,,
002,13,10,11,9,33.4582,S,70.6620,W,27,7,2020,16,43,43,549.60,,,
002,11,9,14,9,33.4582,S,70.6620,W,27,7,2020,16,44,22,549.60,,,
002,11,8,13,9,33.4582,S,70.6620,W,27,7,2020,16,45,1,549.60,,,
002,13,9,14,9,33.4582,S,70.6620,W,27,7,2020,16,48,43,553.90, NAN, NAN, NAN
002,14,8,12,8,33.4582,S,70.6620,W,27,7,2020,16,49,22,553.90, NAN, NAN, NAN
002,12,6,9,9,33.4582,S,70.6620,W,27,7,2020,16,50,1,553.90, NAN, NAN, NAN
002,11,8,10,8,33.4582,S,70.6620,W,27,7,2020,16,53,43,549.90, NAN, NAN, NAN
002,13,7,12,14,33.4582,S,70.6620,W,27,7,2020,16,54,22,549.90, NAN, NAN, NAN
002,13,8,11,9,33.4582,S,70.6620,W,27,7,2020,16,55,1,549.90, NAN, NAN, NAN
002,12,10,11,10,33.4582,S,70.6620,W,27,7,2020,16,58,43,552.80,,,
002,11,6,10,8,33.4582,S,70.6620,W,27,7,2020,16,59,22,552.80,,,
002,11,7,9,9,33.4582,S,70.6620,W,27,7,2020,17,0,1,552.80,,,
002,13,8,10,8,33.4581,S,70.6619,W,27,7,2020,17,3,43,556.20, NAN, NAN, NAN
002,14,8,16,9,33.4581,S,70.6619,W,27,7,2020,17,4,22,556.20, NAN, NAN, NAN
002,11,8,12,9,33.4581,S,70.6619,W,27,7,2020,17,5,1,556.20, NAN, NAN, NAN
002,12,7,11,12,33.4582,S,70.6620,W,27,7,2020,17,8,43,553.00,14.17,960.14,449.84
002,12,6,11,9,33.4582,S,70.6620,W,27,7,2020,17,9,22,553.00,14.17,960.14,449.84
002,13,8,10,9,33.4582,S,70.6620,W,27,7,2020,17,10,1,553.00,14.17,960.14,449.84
002,14,9,12,8,33.4582,S,70.6620,W,27,7,2020,17,13,43,554.30, NAN, NAN, NAN
002,13,7,12,9,33.4582,S,70.6620,W,27,7,2020,17,14,22,554.30, NAN, NAN, NAN
002,14,7,12,9,33.4582,S,70.6620,W,27,7,2020,17,15,1,554.30, NAN, NAN, NAN
002,12,7,11,8,33.4582,S,70.6619,W,27,7,2020,17,18,43,553.40,14.39,959.82,452.62
002,11,6,11,9,33.4582,S,70.6619,W,27,7,2020,17,19,22,553.40,14.39,959.82,452.62
002,12,7,10,9,33.4582,S,70.6619,W,27,7,2020,17,20,1,553.40,14.39,959.82,452.62
002,12,8,12,10,33.4582,S,70.6620,W,27,7,2020,17,23,43,554.60,,,
002,15,7,12,9,33.4582,S,70.6620,W,27,7,2020,17,24,22,554.60,,,
002,16,9,15,8,33.4582,S,70.6620,W,27,7,2020,17,25,1,554.60,,,
002,13,11,10,9,33.4581,S,70.6619,W,27,7,2020,17,28,43,560.60, NAN, NAN, NAN
002,14,8,13,9,33.4581,S,70.6619,W,27,7,2020,17,29,22,560.60, NAN, NAN, NAN
002,14,7,10,9,33.4581,S,70.6619,W,27,7,2020,17,30,1,560.60, NAN, NAN, NAN
002,14,9,14,8,33.4582,S,70.6620,W,27,7,2020,17,33,43,556.90, NAN, NAN, NAN
002,14,12,13,11,33.4582,S,70.6620,W,27,7,2020,17,34,22,556.90, NAN, NAN, NAN
002,14,7,10,9,33.4582,S,70.6620,W,27,7,2020,17,35,1,556.90, NAN, NAN, NAN
002,15,10,14,9,33.4582,S,70.6620,W,27,7,2020,17,38,43,561.20,15.96,959.71,453.50
002,12,7,9,9,33.4582,S,70.6620,W,27,7,2020,17,39,22,561.20,15.96,959.71,453.50
002,13,9,15,9,33.4582,S,70.6620,W,27,7,2020,17,40,1,561.20,15.96,959.71,453.50
002,13,7,10,9,33.4582,S,70.6620,W,27,7,2020,17,43,43,558.70,,,
002,12,6,9,9,33.4582,S,70.6620,W,27,7,2020,17,44,22,558.70,,,
002,13,6,10,8,33.4582,S,70.6620,W,27,7,2020,17,45,1,558.70,,,
002,13,9,12,9,33.4582,S,70.6620,W,27,7,2020,17,48,43,560.10,,,
002,12,7,10,12,33.4582,S,70.6620,W,27,7,2020,17,49,22,560.10,,,
002,14,6,11,10,33.4582,S,70.6620,W,27,7,2020,17,50,1,560.10,,,
002,15,13,15,11,33.4581,S,70.6620,W,27,7,2020,17,53,43,561.80,,,
002,13,9,13,9,33.4581,S,70.6620,W,27,7,2020,17,54,22,561.80,,,
002,12,7,13,9,33.4581,S,70.6620,W,27,7,2020,17,55,1,561.80,,,
002,15,12,16,12,33.4581,S,70.6620,W,27,7,2020,17,58,43,562.10, NAN, NAN, NAN
002,12,10,10,8,33.4581,S,70.6620,W,27,7,2020,17,59,22,562.10, NAN, NAN, NAN
002,11,7,10,9,33.4581,S,70.6620,W,27,7,2020,18,0,1,562.10, NAN, NAN, NAN
002,12,8,11,9,33.4581,S,70.6620,W,27,7,2020,18,3,43,563.60,15.20,959.29,457.17
002,14,9,13,9,33.4581,S,70.6620,W,27,7,2020,18,4,22,563.60,15.20,959.29,457.17
002,12,8,13,14,33.4581,S,70.6620,W,27,7,2020,18,5,1,563.60,15.20,959.29,457.17
002,15,8,12,12,33.4581,S,70.6620,W,27,7,2020,18,8,43,560.00,15.55,959.24,457.62
002,15,8,10,9,33.4581,S,70.6620,W,27,7,2020,18,9,22,560.00,15.55,959.24,457.62
002,17,8,12,8,33.4581,S,70.6620,W,27,7,2020,18,10,1,560.00,15.55,959.24,457.62
002,13,10,11,9,33.4581,S,70.6620,W,27,7,2020,18,13,43,564.60,16.10,959.15,458.45
002,13,7,11,10,33.4581,S,70.6620,W,27,7,2020,18,14,22,564.60,16.10,959.15,458.45
002,13,10,12,13,33.4581,S,70.6620,W,27,7,2020,18,15,1,564.60,16.10,959.15,458.45
002,17,9,11,9,33.4582,S,70.6619,W,27,7,2020,18,18,43,559.70,16.41,959.22,457.76
002,14,11,13,13,33.4582,S,70.6619,W,27,7,2020,18,19,22,559.70,16.41,959.22,457.76
002,15,8,9,9,33.4582,S,70.6619,W,27,7,2020,18,20,1,559.70,16.41,959.22,457.76
002,14,7,11,8,33.4582,S,70.6620,W,27,7,2020,18,23,43,558.10,16.32,959.11,458.73
002,13,8,10,8,33.4582,S,70.6620,W,27,7,2020,18,24,22,558.10,16.32,959.11,458.73
002,17,16,17,15,33.4582,S,70.6620,W,27,7,2020,18,25,1,558.10,16.32,959.11,458.73
002,15,8,9,9,33.4581,S,70.6620,W,27,7,2020,18,28,43,569.60,16.14,959.07,459.15
002,13,12,12,10,33.4581,S,70.6620,W,27,7,2020,18,29,22,569.60,16.14,959.07,459.15
002,12,8,11,9,33.4581,S,70.6620,W,27,7,2020,18,30,1,569.60,16.14,959.07,459.15
002,17,9,12,9,33.4582,S,70.6620,W,27,7,2020,18,33,43,558.70,16.41,959.06,459.18
002,13,7,13,9,33.4582,S,70.6620,W,27,7,2020,18,34,22,558.70,16.41,959.06,459.18
002,15,8,11,16,33.4582,S,70.6620,W,27,7,2020,18,35,1,558.70,16.41,959.06,459.18
002,13,7,9,10,33.4582,S,70.6619,W,27,7,2020,18,38,43,559.20,16.58,958.93,460.28
002,12,7,8,9,33.4582,S,70.6619,W,27,7,2020,18,39,22,559.20,16.58,958.93,460.28
002,16,7,9,9,33.4582,S,70.6619,W,27,7,2020,18,40,1,559.20,16.58,958.93,460.28
002,21,15,10,8,33.4582,S,70.6620,W,27,7,2020,18,45,19,0.00,16.75,958.88,460.79
002,0,0,0,0,33.4582,S,70.6620,W,27,7,2020,18,45,20,561.50,16.75,958.88,460.79
002,0,0,0,0,33.4582,S,70.6620,W,27,7,2020,18,45,21,561.50,16.75,958.88,460.79
002,13,7,11,10,33.4582,S,70.6620,W,27,7,2020,18,49,2,0.00,17.02,959.00,459.68
002,14,8,12,8,33.4582,S,70.6620,W,27,7,2020,18,49,41,559.50,17.02,959.00,459.68
002,13,11,17,13,33.4582,S,70.6620,W,27,7,2020,18,50,19,559.50,17.02,959.00,459.68
002,13,8,10,9,33.4582,S,70.6620,W,27,7,2020,18,53,43,557.30,16.77,959.07,459.09
002,12,7,9,9,33.4582,S,70.6620,W,27,7,2020,18,54,22,557.30,16.77,959.07,459.09
002,13,10,11,10,33.4582,S,70.6620,W,27,7,2020,18,55,1,557.30,16.77,959.07,459.09
002,28,18,22,11,33.4582,S,70.6619,W,27,7,2020,18,58,43,556.40,,,
002,19,12,15,10,33.4582,S,70.6619,W,27,7,2020,18,59,22,556.40,,,
002,14,7,12,9,33.4582,S,70.6619,W,27,7,2020,19,0,1,556.40,,,
002,15,8,11,9,33.4582,S,70.6619,W,27,7,2020,19,3,43,552.00, NAN, NAN, NAN
002,21,11,11,16,33.4582,S,70.6619,W,27,7,2020,19,4,22,552.00, NAN, NAN, NAN
002,20,10,13,10,33.4582,S,70.6619,W,27,7,2020,19,5,1,552.00, NAN, NAN, NAN
002,236,205,232,164,33.4582,S,70.6619,W,27,7,2020,19,8,43,553.10,16.57,958.95,460.16
002,113,94,85,62,33.4582,S,70.6619,W,27,7,2020,19,9,22,553.10,16.57,958.95,460.16
002,112,99,74,49,33.4582,S,70.6619,W,27,7,2020,19,10,1,553.10,16.57,958.95,460.16
002,153,125,131,64,33.4582,S,70.6619,W,27,7,2020,19,13,43,556.60,16.87,958.93,460.33
002,124,102,110,58,33.4582,S,70.6619,W,27,7,2020,19,14,22,556.60,16.87,958.93,460.33
002,234,198,198,164,33.4582,S,70.6619,W,27,7,2020,19,15,1,,16.87,958.93,460.33
002,572,464,442,211,33.4582,S,70.6619,W,27,7,2020,19,18,43,553.70,18.99,958.85,461.03
002,390,343,350,216,33.4582,S,70.6619,W,27,7,2020,19,19,22,553.70,18.99,958.85,461.03
002,391,305,304,155,33.4582,S,70.6619,W,27,7,2020,19,20,1,,18.99,958.85,461.03
002,132,214,123,125,33.4581,S,70.6619,W,27,7,2020,19,28,43,550.90,20.26,958.90,460.55
002,430,477,312,233,33.4581,S,70.6619,W,27,7,2020,19,29,22,550.90,20.26,958.90,460.55
002,540,515,473,293,33.4581,S,70.6619,W,27,7,2020,19,30,1,,20.26,958.90,460.55
002,607,495,505,268,33.4581,S,70.6619,W,27,7,2020,19,33,43,552.10, NAN, NAN, NAN
002,619,500,504,312,33.4581,S,70.6619,W,27,7,2020,19,34,22,552.10, NAN, NAN, NAN
002,595,513,502,284,33.4581,S,70.6619,W,27,7,2020,19,35,1,, NAN, NAN, NAN
002,15,9,12,9,33.4582,S,70.6619,W,27,7,2020,19,38,43,551.40,,,
002,16,7,11,9,33.4582,S,70.6619,W,27,7,2020,19,39,22,551.40,,,
002,12,6,8,9,33.4582,S,70.6619,W,27,7,2020,19,40,1,551.40,,,
002,547,448,468,216,33.4582,S,70.6619,W,27,7,2020,19,43,43,551.80,,,
002,544,454,472,267,33.4582,S,70.6619,W,27,7,2020,19,44,22,551.80,,,
002,553,447,460,222,33.4582,S,70.6619,W,27,7,2020,19,45,1,,,,
002,343,339,244,171,33.4582,S,70.6619,W,27,7,2020,19,48,43,550.30,,,
002,340,401,353,196,33.4582,S,70.6619,W,27,7,2020,19,49,22,550.30,,,
002,478,401,438,230,33.4582,S,70.6619,W,27,7,2020,19,50,1,,,,
002,473,404,407,185,33.4582,S,70.6619,W,27,7,2020,19,53,43,555.80,,,
002,494,377,423,225,33.4582,S,70.6619,W,27,7,2020,19,54,22,555.80,,,
002,496,404,415,263,33.4582,S,70.6619,W,27,7,2020,19,55,1,,,,
002,451,387,383,223,33.4582,S,70.6619,W,27,7,2020,19,58,43,557.60,21.37,958.80,461.46
002,456,379,391,168,33.4582,S,70.6619,W,27,7,2020,19,59,22,557.60,21.37,958.80,461.46
002,423,372,384,238,33.4582,S,70.6619,W,27,7,2020,20,0,1,,21.37,958.80,461.46
002,442,371,374,172,33.4582,S,70.6619,W,27,7,2020,20,3,43,556.00,20.70,958.72,462.16
002,442,366,371,188,33.4582,S,70.6619,W,27,7,2020,20,4,22,556.00,20.70,958.72,462.16
002,448,360,383,160,33.4582,S,70.6619,W,27,7,2020,20,5,1,,20.70,958.72,462.16
002,419,355,345,230,33.4582,S,70.6619,W,27,7,2020,20,8,43,559.60,20.93
002,399,340,324,172,33.4582,S,70.6619,W,27,7,2020,20,9,22,559.60,20.93
002,403,336,330,176,33.4582,S,70.6619,W,27,7,2020,20,10,1,,20.93
002,399,356,353,199,33.4581,S,70.6619,W,27,7,2020,20,13,43,563.80,21.27,958.85,461.00
002,391,351,348,204,33.4581,S,70.6619,W,27,7,2020,20,14,22,563.80,21.27,958.85,461.00
002,412,331,340,185,33.4581,S,70.6619,W,27,7,2020,20,15,1,,21.27,958.85,461.00
002,371,322,327,191,33.4582,S,70.6619,W,27,7,2020,20,18,43,560.20,20.86,958.87,460.84
002,383,315,331,185,33.4582,S,70.6619,W,27,7,2020,20,19,22,560.20,20.86,958.87,460.84
002,368,307,320,166,33.4582,S,70.6619,W,27,7,2020,20,20,1,,20.86,958.87,460.84
002,346,278,295,176,33.4582,S,70.6619,W,27,7,2020,20,23,43,562.70,21.03,958.96,460.06
002,345,275,299,174,33.4582,S,70.6619,W,27,7,2020,20,24,22,562.70,21.03,958.96,460.06
002,352,282,300,186,33.4582,S,70.6619,W,27,7,2020,20,25,1,,21.03,958.96,460.06
002,293,222,251,171,33.4582,S,70.6619,W,27,7,2020,20,28,43,558.30,21.20,958.94,460.25
002,266,225,235,183,33.4582,S,70.6619,W,27,7,2020,20,29,22,558.30,21.20,958.94,460.25
002,261,160,230,180,33.4582,S,70.6619,W,27,7,2020,20,30,1,,21.20,958.94,460.25
002,110,83,85,57,33.4582,S,70.6619,W,27,7,2020,20,33,43,554.70,20.90,958.95,460.14
002,109,82,94,55,33.4582,S,70.6619,W,27,7,2020,20,34,22,554.70,20.90,958.95,460.14
002,117,84,134,57,33.4582,S,70.6619,W,27,7,2020,20,35,1,554.70,20.90,958.95,460.14
002,232,195,192,190,33.4582,S,70.6619,W,27,7,2020,20,38,43,556.10,20.72,958.95,460.11
002,245,204,195,181,33.4582,S,70.6619,W,27,7,2020,20,39,22,556.10,20.72,958.95,460.11
002,231,199,191,162,33.4582,S,70.6619,W,27,7,2020,20,40,1,,20.72,958.95,460.11
002,19,10,23,28,33.4581,S,70.6619,W,28,7,2020,11,43,43,556.20,,,
002,17,11,24,28,33.4581,S,70.6619,W,28,7,2020,11,44,22,553.90,,,
002,17,13,20,32,33.4581,S,70.6619,W,28,7,2020,11,45,1,553.90,,,
002,17,12,25,28,33.4582,S,70.6619,W,28,7,2020,11,48,43,543.80,,,
002,18,12,24,27,33.4582,S,70.6619,W,28,7,2020,11,49,22,543.80,,,
002,16,11,21,29,33.4582,S,70.6619,W,28,7,2020,11,50,1,543.80,,,
002,17,11,24,26,33.4582,S,70.6619,W,28,7,2020,11,53,43,545.90,,,
002,25,10,24,29,33.4582,S,70.6619,W,28,7,2020,11,54,22,545.90,,,
002,17,10,21,30,33.4582,S,70.6619,W,28,7,2020,11,55,1,545.90,,,
002,18,10,23,29,33.4582,S,70.6619,W,28,7,2020,11,58,43,546.30,,,
002,20,11,23,26,33.4582,S,70.6619,W,28,7,2020,11,59,22,546.30,,,
002,18,10,21,28,33.4582,S,70.6619,W,28,7,2020,12,0,1,546.30,,,
002,16,10,22,28,33.4582,S,70.6619,W,28,7,2020,12,3,43,550.50,,,
002,20,10,22,27,33.4582,S,70.6619,W,28,7,2020,12,4,22,550.50,,,
002,23,12,26,28,33.4582,S,70.6619,W,28,7,2020,12,5,1,550.50,,,
002,19,17,23,29,33.4582,S,70.6619,W,28,7,2020,12,8,43,550.60,,,
002,18,10,23,26,33.4582,S,70.6619,W,28,7,2020,12,9,22,550.60,,,
002,16,11,23,29,33.4582,S,70.6619,W,28,7,2020,12,10,1,550.60,,,
002,19,10,22,28,33.4582,S,70.6619,W,28,7,2020,12,13,43,548.80,,,
002,22,10,24,27,33.4582,S,70.6619,W,28,7,2020,12,14,22,548.80,,,
002,18,11,22,31,33.4582,S,70.6619,W,28,7,2020,12,15,1,548.80,,,
002,17,9,22,28,33.4582,S,70.6619,W,28,7,2020,12,18,43,552.20,,,
002,20,10,22,28,33.4582,S,70.6619,W,28,7,2020,12,19,22,552.20,,,
002,18,10,22,27,33.4582,S,70.6619,W,28,7,2020,12,20,1,552.20,,,
002,19,10,21,30,33.4582,S,70.6619,W,28,7,2020,12,23,43,549.20,,,
002,17,9,22,29,33.4582,S,70.6619,W,28,7,2020,12,24,22,549.20,,,
002,17,16,21,31,33.4582,S,70.6619,W,28,7,2020,12,25,1,549.20,,,
002,72,59,17,46,33.4582,S,70.6619,W,28,7,2020,12,28,43,549.20,,,
002,73,70,17,42,33.4582,S,70.6619,W,28,7,2020,12,29,22,549.20,,,
002,65,59,17,47,33.4582,S,70.6619,W,28,7,2020,12,30,1,549.20,,,
002,99,79,17,48,33.4582,S,70.6619,W,28,7,2020,12,33,43,550.60,,,
002,95,80,20,47,33.4582,S,70.6619,W,28,7,2020,12,34,22,550.60,,,
002,90,80,17,54,33.4582,S,70.6619,W,28,7,2020,12,35,1,550.60,,,
002,341,332,208,79,33.5566,S,70.5995,W,11,8,2020,16,46,55,0.00,,,
002,344,217,323,255,33.5566,S,70.5995,W,11,8,2020,16,47,34,0.00,,,
002,448,396,496,187,33.5566,S,70.5995,W,11,8,2020,16,48,13,,,,
002,940,743,792,388,33.5566,S,70.5995,W,11,8,2020,16,58,53,639.80,,,
002,335,201,275,131,33.5566,S,70.5995,W,11,8,2020,16,59,32,639.80,,,
002,215,230,133,19,33.5566,S,70.5995,W,11,8,2020,17,0,11,,,,
002,640,632,643,127,33.5566,S,70.5995,W,11,8,2020,17,3,53,639.50,,,
002,259,233,148,21,33.5566,S,70.5995,W,11,8,2020,17,4,32,639.50,,,
002,93,51,169,56,33.5566,S,70.5995,W,11,8,2020,17,5,11,639.50,,,
002,876,714,753,293,33.5566,S,70.5995,W,11,8,2020,17,8,53,640.40,,,
002,891,746,752,243,33.5566,S,70.5995,W,11,8,2020,17,9,32,640.40,,,
002,807,691,763,240,33.5566,S,70.5995,W,11,8,2020,17,10,11,,,,
002,864,742,782,395,33.5566,S,70.5995,W,11,8,2020,17,13,53,642.50,,,
002,841,751,787,423,33.5566,S,70.5995,W,11,8,2020,17,14,32,642.50,,,
002,804,703,771,428,33.5566,S,70.5995,W,11,8,2020,17,15,11,,,,
002,847,705,743,412,33.5566,S,70.5994,W,11,8,2020,17,18,53,641.30,,,
002,867,746,771,453,33.5566,S,70.5994,W,11,8,2020,17,19,32,641.30,,,
002,846,736,799,406,33.5566,S,70.5994,W,11,8,2020,17,20,11,,,,
002,911,732,801,415,33.5566,S,70.5995,W,11,8,2020,17,23,53,642.30,,,
002,872,720,782,428,33.5566,S,70.5995,W,11,8,2020,17,24,32,642.30,,,
002,855,752,776,460,33.5566,S,70.5995,W,11,8,2020,17,25,11,,,,
002,879,716,798,440,33.5566,S,70.5995,W,11,8,2020,17,28,53,642.40,,,
002,903,768,807,462,33.5566,S,70.5995,W,11,8,2020,17,29,32,642.40,,,
002,905,747,814,450,33.5566,S,70.5995,W,11,8,2020,17,30,11,,,,
002,896,770,798,441,33.5566,S,70.5995,W,11,8,2020,17,33,53,639.60,,,
002,926,745,809,441,33.5566,S,70.5995,W,11,8,2020,17,34,32,639.60,,,
002,921,763,808,432,33.5566,S,70.5995,W,11,8,2020,17,35,11,,,,
002,966,805,847,502,33.5566,S,70.5995,W,11,8,2020,17,38,53,639.80,,,
002,947,786,844,455,33.5566,S,70.5995,W,11,8,2020,17,39,32,639.80,,,
002,955,801,857,462,33.5566,S,70.5995,W,11,8,2020,17,40,11,,,,
002,975,796,852,472,33.5566,S,70.5995,W,11,8,2020,17,43,53,636.70,,,
002,956,844,856,481,33.5566,S,70.5995,W,11,8,2020,17,44,32,636.70,,,
002,955,836,848,460,33.5566,S,70.5995,W,11,8,2020,17,45,11,,,,
002,995,831,883,497,33.5566,S,70.5995,W,11,8,2020,17,48,53,639.30,,,
002,995,851,892,490,33.5566,S,70.5995,W,11,8,2020,17,49,32,639.30,,,
002,1044,847,903,483,33.5566,S,70.5995,W,11,8,2020,17,50,11,,,,
002,1049,871,915,530,33.5566,S,70.5995,W,11,8,2020,17,59,40,640.40,,,
002,1076,896,921,507,33.5566,S,70.5995,W,11,8,2020,18,0,19,640.40,,,
002,1063,921,915,511,33.5566,S,70.5995,W,11,8,2020,18,0,58,,,,
002,1016,841,920,575,33.5566,S,70.5995,W,11,8,2020,18,5,44,637.60,,,
002,974,835,920,499,33.5566,S,70.5995,W,11,8,2020,18,6,23,637.60,,,
002,1039,889,921,540,33.5566,S,70.5995,W,11,8,2020,18,7,2,,,,
002,1086,883,934,515,33.5566,S,70.5995,W,11,8,2020,18,10,44,629.20,,,
002,1055,860,912,508,33.5566,S,70.5995,W,11,8,2020,18,11,23,629.20,,,
002,1048,854,924,526,33.5566,S,70.5995,W,11,8,2020,18,12,2,,,,
002,1034,817,908,481,33.5566,S,70.5994,W,11,8,2020,18,20,44,628.30,,,
002,1008,871,916,478,33.5566,S,70.5994,W,11,8,2020,18,21,23,628.30,,,
002,990,867,921,511,33.5566,S,70.5994,W,11,8,2020,18,22,2,,,,
002,1039,878,950,516,33.5566,S,70.5995,W,11,8,2020,18,25,44,629.40,,,
002,1056,913,935,520,33.5566,S,70.5995,W,11,8,2020,18,26,23,629.40,,,
002,1043,875,946,510,33.5566,S,70.5995,W,11,8,2020,18,27,2,,,,
002,1051,915,934,505,33.5566,S,70.5995,W,11,8,2020,18,30,44,636.80,,,
002,1052,876,924,508,33.5566,S,70.5995,W,11,8,2020,18,31,23,636.80,,,
002,1038,887,940,511,33.5566,S,70.5995,W,11,8,2020,18,32,2,,,,
002,1035,918,929,503,33.5566,S,70.5995,W,11,8,2020,18,35,44,634.50,,,
002,1091,896,908,519,33.5566,S,70.5995,W,11,8,2020,18,36,23,634.50,,,
002,1011,841,940,511,33.5566,S,70.5995,W,11,8,2020,18,37,2,,,,
002,1040,846,942,504,33.5566,S,70.5994,W,11,8,2020,18,40,44,635.70,,,
002,1025,846,924,487,33.5566,S,70.5994,W,11,8,2020,18,41,23,635.70,,,
002,1051,844,935,525,33.5566,S,70.5994,W,11,8,2020,18,42,2,,,,
002,1040,864,920,528,33.5566,S,70.5995,W,11,8,2020,18,45,44,634.50,,,
002,968,895,908,501,33.5566,S,70.5995,W,11,8,2020,18,46,23,634.50,,,
002,1030,895,924,507,33.5566,S,70.5995,W,11,8,2020,18,47,2,,,,
002,1024,848,911,520,33.5566,S,70.5995,W,11,8,2020,18,50,44,637.20,,,
002,1012,868,894,476,33.5566,S,70.5995,W,11,8,2020,18,51,23,637.20,,,
002,1011,829,904,489,33.5566,S,70.5995,W,11,8,2020,18,52,2,,,,
002,987,832,894,479,33.5566,S,70.5995,W,11,8,2020,18,55,44,635.60,,,
002,967,841,883,499,33.5566,S,70.5995,W,11,8,2020,18,56,23,635.60,,,
002,991,871,876,473,33.5566,S,70.5995,W,11,8,2020,18,57,2,,,,
002,990,795,846,464,33.5566,S,70.5995,W,11,8,2020,19,0,44,637.30,,,
002,955,827,867,476,33.5566,S,70.5995,W,11,8,2020,19,1,23,637.30,,,
002,972,806,864,451,33.5566,S,70.5995,W,11,8,2020,19,2,2,,,,
002,913,782,847,487,33.5566,S,70.5995,W,11,8,2020,19,5,44,636.40,,,
002,967,836,838,467,33.5566,S,70.5995,W,11,8,2020,19,6,23,636.40,,,
002,921,803,856,460,33.5566,S,70.5995,W,11,8,2020,19,7,2,,,,
002,902,808,848,449,33.5566,S,70.5995,W,11,8,2020,19,10,44,635.60,,,
002,950,792,828,450,33.5566,S,70.5995,W,11,8,2020,19,11,23,635.60,,,
002,935,763,795,500,33.5566,S,70.5995,W,11,8,2020,19,12,2,,,,
002,966,771,847,470,33.5566,S,70.5995,W,11,8,2020,19,15,44,635.70,,,
002,932,775,824,463,33.5566,S,70.5995,W,11,8,2020,19,16,23,635.70,,,
002,921,763,825,473,33.5566,S,70.5995,W,11,8,2020,19,17,2,,,,
002,960,776,816,455,33.5566,S,70.5995,W,11,8,2020,19,20,44,635.20,,,
002,944,772,811,503,33.5566,S,70.5995,W,11,8,2020,19,21,23,635.20,,,
002,888,723,803,420,33.5566,S,70.5995,W,11,8,2020,19,22,2,,,,
002,895,737,799,417,33.5566,S,70.5995,W,11,8,2020,19,25,44,632.00,,,
002,867,729,807,419,33.5566,S,70.5995,W,11,8,2020,19,26,23,632.00,,,
002,895,739,787,430,33.5566,S,70.5995,W,11,8,2020,19,27,2,,,,
002,846,694,748,391,33.5566,S,70.5995,W,11,8,2020,19,30,44,637.00,,,
002,831,691,732,391,33.5566,S,70.5995,W,11,8,2020,19,31,23,637.00,,,
002,799,679,732,388,33.5566,S,70.5995,W,11,8,2020,19,32,2,,,,
002,828,675,720,387,33.5566,S,70.5995,W,11,8,2020,19,35,44,633.80,,,
002,828,700,744,384,33.5566,S,70.5995,W,11,8,2020,19,36,23,633.80,,,
002,835,708,740,431,33.5566,S,70.5995,W,11,8,2020,19,37,2,,,,
002,823,664,718,419,33.5566,S,70.5995,W,11,8,2020,19,40,44,634.80,,,
002,819,660,702,428,33.5566,S,70.5995,W,11,8,2020,19,41,23,634.80,,,
002,799,678,713,360,33.5566,S,70.5995,W,11,8,2020,19,42,2,,,,
002,809,649,712,355,33.5566,S,70.5995,W,11,8,2020,19,45,44,633.90,,,
002,795,667,721,359,33.5566,S,70.5995,W,11,8,2020,19,46,23,633.90,,,
002,797,673,721,390,33.5566,S,70.5995,W,11,8,2020,19,47,2,,,,
002,772,633,684,343,33.5566,S,70.5995,W,11,8,2020,19,50,44,631.10,,,
002,768,636,673,367,33.5566,S,70.5995,W,11,8,2020,19,51,23,631.10,,,
002,732,600,668,334,33.5566,S,70.5995,W,11,8,2020,19,52,2,,,,
002,741,608,657,331,33.5566,S,70.5995,W,11,8,2020,19,55,44,633.80,,,
002,720,611,649,310,33.5566,S,70.5995,W,11,8,2020,19,56,23,633.80,,,
002,734,604,657,358,33.5566,S,70.5995,W,11,8,2020,19,57,2,,,,
002,728,607,654,328,33.5566,S,70.5994,W,11,8,2020,20,0,44,632.70,,,
002,747,630,644,319,33.5566,S,70.5994,W,11,8,2020,20,1,23,632.70,,,
002,728,586,633,288,33.5566,S,70.5994,W,11,8,2020,20,2,2,,,,
002,703,582,627,316,33.5566,S,70.5995,W,11,8,2020,20,5,44,635.70,,,
002,710,585,615,295,33.5566,S,70.5995,W,11,8,2020,20,6,23,635.70,,,
002,726,568,618,326,33.5566,S,70.5995,W,11,8,2020,20,7,2,,,,
002,692,555,601,282,33.5566,S,70.5995,W,11,8,2020,20,10,44,636.00,,,
002,670,541,595,335,33.5566,S,70.5995,W,11,8,2020,20,11,23,636.00,,,
002,628,566,601,284,33.5566,S,70.5995,W,11,8,2020,20,12,2,,,,
002,624,511,569,311,33.5567,S,70.5995,W,11,8,2020,20,15,44,635.50,,,
002,627,535,572,263,33.5567,S,70.5995,W,11,8,2020,20,16,23,635.50,,,
002,641,528,561,269,33.5567,S,70.5995,W,11,8,2020,20,17,2,,,,
002,596,497,553,307,33.5566,S,70.5995,W,11,8,2020,20,20,44,632.10,,,
002,611,505,547,248,33.5566,S,70.5995,W,11,8,2020,20,21,23,632.10,,,
002,604,497,529,246,33.5566,S,70.5995,W,11,8,2020,20,22,2,,,,
002,577,487,512,313,33.5566,S,70.5995,W,11,8,2020,20,25,44,634.60,,,
002,560,480,513,260,33.5566,S,70.5995,W,11,8,2020,20,26,23,634.60,,,
002,589,470,509,250,33.5566,S,70.5995,W,11,8,2020,20,27,2,,,,
002,544,450,489,214,33.5567,S,70.5994,W,11,8,2020,20,30,44,632.20,,,
002,536,461,482,203,33.5567,S,70.5994,W,11,8,2020,20,31,23,632.20,,,
002,534,462,480,215,33.5567,S,70.5994,W,11,8,2020,20,32,2,,,,
002,508,427,460,216,33.5566,S,70.5995,W,11,8,2020,20,35,44,635.10,,,
002,508,412,447,196,33.5566,S,70.5995,W,11,8,2020,20,36,23,635.10,,,
002,511,422,444,252,33.5566,S,70.5995,W,11,8,2020,20,37,2,,,,
002,467,388,412,182,33.5566,S,70.5995,W,11,8,2020,20,40,44,636.20,,,
002,453,381,401,189,33.5566,S,70.5995,W,11,8,2020,20,41,23,636.20,,,
002,456,376,410,173,33.5566,S,70.5995,W,11,8,2020,20,42,2,,,,
002,399,348,379,200,33.5566,S,70.5995,W,11,8,2020,20,45,44,634.90,,,
002,419,344,376,185,33.5566,S,70.5995,W,11,8,2020,20,46,23,634.90,,,
002,407,351,379,169,33.5566,S,70.5995,W,11,8,2020,20,47,2,,,,
002,369,334,343,173,33.5566,S,70.5995,W,11,8,2020,20,50,44,634.10,,,
002,375,284,333,178,33.5566,S,70.5995,W,11,8,2020,20,51,23,634.10,,,
002,351,307,353,168,33.5566,S,70.5995,W,11,8,2020,20,52,2,,,,
002,360,299,329,176,33.5567,S,70.5995,W,11,8,2020,20,55,44,637.80,,,
002,355,310,331,174,33.5567,S,70.5995,W,11,8,2020,20,56,23,637.80,,,
002,346,289,326,179,33.5567,S,70.5995,W,11,8,2020,20,57,2,,,,
002,319,280,280,172,33.5567,S,70.5995,W,11,8,2020,21,0,44,635.30,,,
002,317,270,275,155,33.5567,S,70.5995,W,11,8,2020,21,1,23,635.30,,,
002,304,272,290,182,33.5567,S,70.5995,W,11,8,2020,21,2,2,,,,
002,301,252,258,187,33.5566,S,70.5995,W,11,8,2020,21,5,44,632.80,,,
002,278,241,217,160,33.5566,S,70.5995,W,11,8,2020,21,6,23,632.80,,,
002,278,244,229,140,33.5566,S,70.5995,W,11,8,2020,21,7,2,,,,
002,219,199,202,197,33.5566,S,70.5995,W,11,8,2020,21,10,44,632.50,,,
002,223,185,208,163,33.5566,S,70.5995,W,11,8,2020,21,11,23,632.50,,,
002,208,185,198,181,33.5566,S,70.5995,W,11,8,2020,21,12,2,,,,
002,191,147,158,161,33.5566,S,70.5995,W,11,8,2020,21,15,44,629.30,,,
002,189,165,166,120,33.5566,S,70.5995,W,11,8,2020,21,16,23,629.30,,,
002,183,153,156,133,33.5566,S,70.5995,W,11,8,2020,21,17,2,,,,
002,168,136,130,56,33.5567,S,70.5994,W,11,8,2020,21,20,44,652.70,,,
002,149,150,128,59,33.5567,S,70.5994,W,11,8,2020,21,21,23,649.20,,,
002,151,130,120,58,33.5567,S,70.5994,W,11,8,2020,21,22,2,,,,
002,125,110,111,49,33.5566,S,70.5995,W,11,8,2020,21,25,44,629.30,,,
002,122,110,85,59,33.5566,S,70.5995,W,11,8,2020,21,26,23,629.30,,,
002,118,106,79,44,33.5566,S,70.5995,W,11,8,2020,21,27,2,629.30,,,
002,85,86,72,44,33.5566,S,70.5995,W,11,8,2020,21,30,44,634.70,,,
002,83,74,67,47,33.5566,S,70.5995,W,11,8,2020,21,31,23,634.70,,,
002,74,72,56,29,33.5566,S,70.5995,W,11,8,2020,21,32,2,634.70,,,
002,13,10,17,24,33.5567,S,70.5995,W,12,8,2020,12,5,44,607.00,,,
002,13,8,14,25,33.5567,S,70.5995,W,12,8,2020,12,6,23,601.90,,,
002,12,6,15,24,33.5567,S,70.5995,W,12,8,2020,12,7,2,601.90,,,
002,50,47,49,31,33.5566,S,70.5995,W,12,8,2020,12,10,44,631.70,,,
002,60,63,66,46,33.5566,S,70.5995,W,12,8,2020,12,11,23,631.70,,,
002,75,65,73,32,33.5566,S,70.5995,W,12,8,2020,12,12,2,631.70,,,
002,95,82,72,51,33.5566,S,70.5995,W,12,8,2020,12,15,44,628.70,,,
002,101,87,75,47,33.5566,S,70.5995,W,12,8,2020,12,16,23,628.70,,,
002,100,79,77,48,33.5566,S,70.5995,W,12,8,2020,12,17,2,628.70,,,
002,128,105,97,50,33.5567,S,70.5995,W,12,8,2020,12,20,44,629.90,,,
002,124,105,92,49,33.5567,S,70.5995,W,12,8,2020,12,21,23,629.90,,,
002,130,99,100,52,33.5567,S,70.5995,W,12,8,2020,12,22,2,629.90,,,
002,145,124,119,77,33.5566,S,70.5995,W,12,8,2020,12,25,44,630.10,,,
002,144,125,122,55,33.5566,S,70.5995,W,12,8,2020,12,26,23,630.10,,,
002,147,122,131,64,33.5566,S,70.5995,W,12,8,2020,12,27,2,,,,
002,4095,4095,4095,4095,33.5566,S,70.5995,W,12,8,2020,12,32,19,629.50,,,
002,0,0,0,0,33.5566,S,70.5995,W,12,8,2020,12,32,20,629.50,,,
002,0,0,0,0,33.5566,S,70.5995,W,12,8,2020,12,32,21,629.50,,,
002,200,176,171,172,33.5566,S,70.5995,W,12,8,2020,12,35,44,632.80,,,
002,195,173,183,137,33.5566,S,70.5995,W,12,8,2020,12,36,23,632.80,,,
002,213,175,177,130,33.5566,S,70.5995,W,12,8,2020,12,37,2,,,,
002,128,162,152,53,33.5566,S,70.5995,W,12,8,2020,12,40,44,636.00,,,
002,200,180,117,50,33.5566,S,70.5995,W,12,8,2020,12,41,23,636.00,,,
002,240,209,209,191,33.5566,S,70.5995,W,12,8,2020,12,42,2,,,,
002,245,213,223,198,33.5566,S,70.5995,W,12,8,2020,12,45,44,633.70,,,
002,262,190,220,167,33.5566,S,70.5995,W,12,8,2020,12,46,23,633.70,,,
002,198,192,204,189,33.5566,S,70.5995,W,12,8,2020,12,47,2,,,,
002,308,259,258,202,33.5566,S,70.5995,W,12,8,2020,12,50,44,635.10,,,
002,295,260,269,194,33.5566,S,70.5995,W,12,8,2020,12,51,23,635.10,,,
002,311,239,271,193,33.5566,S,70.5995,W,12,8,2020,12,52,2,,,,
002,337,292,297,190,33.5567,S,70.5995,W,12,8,2020,12,55,44,637.50,,,
002,342,280,304,173,33.5567,S,70.5995,W,12,8,2020,12,56,23,637.50,,,
002,346,286,307,174,33.5567,S,70.5995,W,12,8,2020,12,57,2,,,,
002,355,303,323,194,33.5567,S,70.5995,W,12,8,2020,13,0,44,631.90,,,
002,341,284,331,195,33.5567,S,70.5995,W,12,8,2020,13,1,23,631.90,,,
002,366,292,327,168,33.5567,S,70.5995,W,12,8,2020,13,2,2,,,,
002,391,330,356,197,33.5566,S,70.5995,W,12,8,2020,13,5,44,633.00,,,
002,402,340,359,197,33.5566,S,70.5995,W,12,8,2020,13,6,23,633.00,,,
002,401,332,363,173,33.5566,S,70.5995,W,12,8,2020,13,7,2,,,,
002,408,352,374,177,33.5567,S,70.5995,W,12,8,2020,13,10,44,635.70,,,
002,413,346,385,174,33.5567,S,70.5995,W,12,8,2020,13,11,23,635.70,,,
002,439,360,382,198,33.5567,S,70.5995,W,12,8,2020,13,12,2,,,,
002,443,367,397,210,33.5567,S,70.5995,W,12,8,2020,13,15,44,635.80,,,
002,433,379,388,184,33.5567,S,70.5995,W,12,8,2020,13,16,23,635.80,,,
002,454,366,400,190,33.5567,S,70.5995,W,12,8,2020,13,17,2,,,,
002,464,383,407,226,33.5567,S,70.5995,W,12,8,2020,13,20,44,631.40,,,
002,448,398,415,207,33.5567,S,70.5995,W,12,8,2020,13,21,23,631.40,,,
002,452,399,410,219,33.5567,S,70.5995,W,12,8,2020,13,22,2,,,,
002,481,402,426,209,33.5567,S,70.5995,W,12,8,2020,13,25,44,631.60,,,
002,478,415,435,182,33.5567,S,70.5995,W,12,8,2020,13,26,23,631.60,,,
002,475,417,435,203,33.5567,S,70.5995,W,12,8,2020,13,27,2,,,,
002,503,412,440,209,33.5566,S,70.5995,W,12,8,2020,13,30,44,632.50,,,
002,494,406,440,209,33.5566,S,70.5995,W,12,8,2020,13,31,23,632.50,,,
002,500,409,448,260,33.5566,S,70.5995,W,12,8,2020,13,32,2,,,,
002,507,425,461,242,33.5567,S,70.5995,W,12,8,2020,13,35,44,632.10,,,
002,525,431,460,266,33.5567,S,70.5995,W,12,8,2020,13,36,23,632.10,,,
002,504,430,463,287,33.5567,S,70.5995,W,12,8,2020,13,37,2,,,,
002,522,436,463,226,33.5566,S,70.5995,W,12,8,2020,13,40,44,629.00,,,
002,535,451,484,228,33.5566,S,70.5995,W,12,8,2020,13,41,23,629.00,,,
002,540,448,488,204,33.5566,S,70.5995,W,12,8,2020,13,42,2,,,,
002,532,441,489,200,33.5566,S,70.5995,W,12,8,2020,13,45,44,631.60,,,
002,551,471,495,244,33.5566,S,70.5995,W,12,8,2020,13,46,23,631.60,,,
002,545,464,489,278,33.5566,S,70.5995,W,12,8,2020,13,47,2,,,,
002,573,487,518,239,33.5566,S,70.5995,W,12,8,2020,13,50,44,631.90,,,
002,568,478,511,219,33.5566,S,70.5995,W,12,8,2020,13,51,23,631.90,,,
002,568,464,526,254,33.5566,S,70.5995,W,12,8,2020,13,52,2,,,,
002,567,506,528,259,33.5566,S,70.5995,W,12,8,2020,13,55,44,627.50,,,
002,575,496,532,256,33.5566,S,70.5995,W,12,8,2020,13,56,23,627.50,,,
002,608,505,547,250,33.5566,S,70.5995,W,12,8,2020,13,57,2,,,,
002,627,500,559,282,33.5567,S,70.5994,W,12,8,2020,14,0,44,623.00,,,
002,644,542,576,279,33.5567,S,70.5994,W,12,8,2020,14,1,23,623.00,,,
002,612,526,568,302,33.5567,S,70.5994,W,12,8,2020,14,2,2,,,,
002,663,549,569,285,33.5566,S,70.5994,W,12,8,2020,14,5,44,638.20,,,
002,656,551,581,300,33.5566,S,70.5994,W,12,8,2020,14,6,23,638.20,,,
002,661,529,581,271,33.5566,S,70.5994,W,12,8,2020,14,7,2,,,,
002,671,566,593,275,33.5566,S,70.5995,W,12,8,2020,14,10,44,631.90,,,
002,668,550,581,293,33.5566,S,70.5995,W,12,8,2020,14,11,23,631.90,,,
002,667,544,601,310,33.5566,S,70.5995,W,12,8,2020,14,12,2,,,,
002,4095,4095,4095,4095,33.5566,S,70.5995,W,12,8,2020,14,17,19,629.10,,,
002,0,0,0,0,33.5566,S,70.5995,W,12,8,2020,14,17,20,629.10,,,
002,0,0,0,0,33.5566,S,70.5995,W,12,8,2020,14,17,21,629.10,,,
002,703,583,628,392,33.5566,S,70.5995,W,12,8,2020,14,20,44,631.00,,,
002,720,568,635,367,33.5566,S,70.5995,W,12,8,2020,14,21,23,631.00,,,
002,713,590,636,327,33.5566,S,70.5995,W,12,8,2020,14,22,2,,,,
002,707,600,625,347,33.5566,S,70.5995,W,12,8,2020,14,25,44,636.20,,,
002,703,572,632,345,33.5566,S,70.5995,W,12,8,2020,14,26,23,636.20,,,
002,702,577,640,362,33.5566,S,70.5995,W,12,8,2020,14,27,2,,,,
002,705,607,619,305,33.5566,S,70.5995,W,12,8,2020,14,30,44,632.50,,,
002,695,588,616,302,33.5566,S,70.5995,W,12,8,2020,14,31,23,632.50,,,
002,719,579,624,289,33.5566,S,70.5995,W,12,8,2020,14,32,2,,,,
002,672,587,627,327,33.5566,S,70.5995,W,12,8,2020,14,35,44,633.30,,,
002,699,587,551,353,33.5566,S,70.5995,W,12,8,2020,14,36,23,633.30,,,
002,732,583,630,308,33.5566,S,70.5995,W,12,8,2020,14,37,2,,,,
002,728,604,640,376,33.5566,S,70.5995,W,12,8,2020,14,40,44,633.20,,,
002,712,615,641,330,33.5566,S,70.5995,W,12,8,2020,14,41,23,633.20,,,
002,732,614,640,323,33.5566,S,70.5995,W,12,8,2020,14,42,2,,,,
002,736,608,656,320,33.5566,S,70.5995,W,12,8,2020,14,45,44,631.60,,,
002,736,615,655,356,33.5566,S,70.5995,W,12,8,2020,14,46,23,631.60,,,
002,743,623,655,387,33.5566,S,70.5995,W,12,8,2020,14,47,2,,,,
002,739,615,659,324,33.5566,S,70.5995,W,12,8,2020,14,50,44,630.30,,,
002,743,619,675,355,33.5566,S,70.5995,W,12,8,2020,14,51,23,630.30,,,
002,753,625,670,355,33.5566,S,70.5995,W,12,8,2020,14,52,2,,,,
002,793,638,694,356,33.5566,S,70.5995,W,12,8,2020,14,55,44,629.10,,,
002,769,623,700,361,33.5566,S,70.5995,W,12,8,2020,14,56,23,629.10,,,
002,800,663,687,365,33.5566,S,70.5995,W,12,8,2020,14,57,2,,,,
002,823,668,710,374,33.5566,S,70.5995,W,12,8,2020,15,0,44,627.30,,,
002,816,673,707,444,33.5566,S,70.5995,W,12,8,2020,15,1,23,627.30,,,
002,820,671,708,385,33.5566,S,70.5995,W,12,8,2020,15,2,2,,,,
002,830,704,728,394,33.5566,S,70.5995,W,12,8,2020,15,5,44,632.40,,,
002,847,703,736,381,33.5566,S,70.5995,W,12,8,2020,15,6,23,632.40,,,
002,851,718,743,406,33.5566,S,70.5995,W,12,8,2020,15,7,2,,,,
002,837,688,729,381,33.5566,S,70.5995,W,12,8,2020,15,10,44,631.30,,,
002,852,680,739,374,33.5566,S,70.5995,W,12,8,2020,15,11,23,631.30,,,
002,865,687,734,378,33.5566,S,70.5995,W,12,8,2020,15,12,2,,,,
002,4095,4095,4095,4095,33.5566,S,70.5994,W,12,8,2020,15,17,19,632.80,,,
002,0,0,0,0,33.5566,S,70.5994,W,12,8,2020,15,17,20,632.80,,,
002,0,0,0,0,33.5566,S,70.5994,W,12,8,2020,15,17,21,632.80,,,
002,835,688,756,401,33.5566,S,70.5995,W,12,8,2020,15,20,44,627.70,,,
002,833,692,726,362,33.5566,S,70.5995,W,12,8,2020,15,21,23,627.70,,,
002,826,695,735,380,33.5566,S,70.5995,W,12,8,2020,15,22,2,,,,
002,846,675,750,408,33.5566,S,70.5995,W,12,8,2020,15,25,44,631.50,,,
002,833,699,756,401,33.5566,S,70.5995,W,12,8,2020,15,26,23,631.50,,,
002,851,696,739,391,33.5566,S,70.5995,W,12,8,2020,15,27,2,,,,
002,851,745,771,420,33.5566,S,70.5995,W,12,8,2020,15,30,44,631.80,,,
002,843,708,750,398,33.5566,S,70.5995,W,12,8,2020,15,31,23,631.80,,,
002,839,711,763,400,33.5566,S,70.5995,W,12,8,2020,15,32,2,,,,
002,892,750,755,399,33.5566,S,70.5995,W,12,8,2020,15,35,44,633.90,,,
002,887,753,764,387,33.5566,S,70.5995,W,12,8,2020,15,36,23,633.90,,,
002,873,750,766,416,33.5566,S,70.5995,W,12,8,2020,15,37,2,,,,
002,849,704,755,375,33.5566,S,70.5995,W,12,8,2020,15,40,44,633.40,,,
002,835,724,747,450,33.5566,S,70.5995,W,12,8,2020,15,41,23,633.40,,,
002,871,712,754,444,33.5566,S,70.5995,W,12,8,2020,15,42,2,,,,
002,840,686,750,435,33.5566,S,70.5995,W,12,8,2020,15,45,44,633.10,,,
002,833,700,742,383,33.5566,S,70.5995,W,12,8,2020,15,46,23,633.10,,,
002,852,704,755,393,33.5566,S,70.5995,W,12,8,2020,15,47,2,,,,
002,807,716,761,393,33.5566,S,70.5995,W,12,8,2020,15,50,44,633.70,,,
002,841,688,745,404,33.5566,S,70.5995,W,12,8,2020,15,51,23,633.70,,,
002,883,704,755,389,33.5566,S,70.5995,W,12,8,2020,15,52,2,,,,
002,844,716,764,393,33.5566,S,70.5995,W,12,8,2020,15,55,44,632.50,23.20,945.70,576.18
002,884,719,771,373,33.5566,S,70.5995,W,12,8,2020,15,56,23,632.50,23.20,945.70,576.18
002,864,731,771,419,33.5566,S,70.5995,W,12,8,2020,15,57,2,,23.20,945.70,576.18
002,886,729,763,390,33.5566,S,70.5995,W,12,8,2020,16,0,44,631.10,22.06,945.60,577.02
002,864,722,775,402,33.5566,S,70.5995,W,12,8,2020,16,1,23,631.10,22.06,945.60,577.02
002,866,734,767,417,33.5566,S,70.5995,W,12,8,2020,16,2,2,,22.06,945.60,577.02
002,859,718,759,357,33.5566,S,70.5995,W,12,8,2020,16,5,44,631.40,23.00,945.54,577.59
002,844,697,748,389,33.5566,S,70.5995,W,12,8,2020,16,6,23,631.40,23.00,945.54,577.59
002,822,702,749,385,33.5566,S,70.5995,W,12,8,2020,16,7,2,,23.00,945.54,577.59
002,835,700,731,386,33.5566,S,70.5995,W,12,8,2020,16,10,44,631.40,23.28,945.54,577.59
002,831,705,740,397,33.5566,S,70.5995,W,12,8,2020,16,11,23,631.40,23.28,945.54,577.59
002,828,695,753,411,33.5566,S,70.5995,W,12,8,2020,16,12,2,,23.28,945.54,577.59
002,790,685,739,434,33.5566,S,70.5995,W,12,8,2020,16,15,44,635.30, NAN, NAN, NAN
002,816,679,726,408,33.5566,S,70.5995,W,12,8,2020,16,16,23,635.30, NAN, NAN, NAN
002,807,676,728,382,33.5566,S,70.5995,W,12,8,2020,16,17,2,, NAN, NAN, NAN
002,816,697,716,383,33.5566,S,70.5995,W,12,8,2020,16,20,44,642.10, NAN, NAN, NAN
002,807,674,732,387,33.5566,S,70.5995,W,12,8,2020,16,21,23,642.10, NAN, NAN, NAN
002,852,652,728,380,33.5566,S,70.5995,W,12,8,2020,16,22,2,, NAN, NAN, NAN
002,787,648,711,383,33.5566,S,70.5995,W,12,8,2020,16,25,44,641.10, NAN, NAN, NAN
002,788,618,718,367,33.5566,S,70.5995,W,12,8,2020,16,26,23,641.10, NAN, NAN, NAN
002,788,684,717,374,33.5566,S,70.5995,W,12,8,2020,16,27,2,, NAN, NAN, NAN
002,849,702,741,395,33.5566,S,70.5995,W,12,8,2020,16,30,44,635.50, NAN, NAN, NAN
002,830,644,737,371,33.5566,S,70.5995,W,12,8,2020,16,31,23,635.50, NAN, NAN, NAN
002,787,679,734,399,33.5566,S,70.5995,W,12,8,2020,16,32,2,, NAN, NAN, NAN
002,823,655,727,374,33.5567,S,70.5994,W,12,8,2020,16,35,44,631.00,23.73,945.41,578.73
002,831,703,737,384,33.5567,S,70.5994,W,12,8,2020,16,36,23,631.00,23.73,945.41,578.73
002,835,713,726,394,33.5567,S,70.5994,W,12,8,2020,16,37,2,,23.73,945.41,578.73
002,807,652,705,383,33.5566,S,70.5995,W,12,8,2020,16,40,44,634.10,23.84,945.32,579.47
002,840,633,700,382,33.5566,S,70.5995,W,12,8,2020,16,41,23,634.10,23.84,945.32,579.47
002,816,670,735,400,33.5566,S,70.5995,W,12,8,2020,16,42,2,,23.84,945.32,579.47
002,4095,4095,4095,4095,33.5566,S,70.5994,W,12,8,2020,16,47,19,636.60,23.25,945.26,580.03
002,0,0,0,0,33.5566,S,70.5994,W,12,8,2020,16,47,20,636.60,23.25,945.26,580.03
002,0,0,0,0,33.5566,S,70.5994,W,12,8,2020,16,47,21,636.60,23.25,945.26,580.03
002,856,710,761,392,33.5566,S,70.5995,W,12,8,2020,16,50,44,640.30,,,
002,816,716,752,382,33.5566,S,70.5995,W,12,8,2020,16,51,23,640.30,,,
002,835,707,736,387,33.5566,S,70.5995,W,12,8,2020,16,52,2,,,,
002,820,688,743,390,33.5566,S,70.5995,W,12,8,2020,16,55,44,643.10, NAN, NAN, NAN
002,812,676,719,390,33.5566,S,70.5995,W,12,8,2020,16,56,23,643.10, NAN, NAN, NAN
002,795,692,729,353,33.5566,S,70.5995,W,12,8,2020,16,57,2,, NAN, NAN, NAN
002,824,691,748,424,33.5566,S,70.5995,W,12,8,2020,17,0,44,644.30,23.65,945.00,582.28
002,825,705,746,391,33.5566,S,70.5995,W,12,8,2020,17,1,23,644.30,23.65,945.00,582.28
002,835,708,744,412,33.5566,S,70.5995,W,12,8,2020,17,2,2,,23.65,945.00,582.28
002,780,660,688,391,33.5566,S,70.5994,W,12,8,2020,17,5,44,642.30,24.11,944.88,583.35
002,831,712,718,382,33.5566,S,70.5994,W,12,8,2020,17,6,23,642.30,24.11,944.88,583.35
002,790,660,716,351,33.5566,S,70.5994,W,12,8,2020,17,7,2,,24.11,944.88,583.35
002,828,704,739,392,33.5566,S,70.5994,W,12,8,2020,17,10,44,635.80,23.39,944.75,584.53
002,835,672,761,392,33.5566,S,70.5994,W,12,8,2020,17,11,23,635.80,23.39,944.75,584.53
002,787,676,737,393,33.5566,S,70.5994,W,12,8,2020,17,12,2,,23.39,944.75,584.53
002,784,651,679,343,33.5566,S,70.5994,W,12,8,2020,17,15,44,636.00,23.45,944.69,585.05
002,769,627,679,396,33.5566,S,70.5994,W,12,8,2020,17,16,23,636.00,23.45,944.69,585.05
002,772,655,679,352,33.5566,S,70.5994,W,12,8,2020,17,17,2,,23.45,944.69,585.05
002,775,652,695,384,33.5566,S,70.5995,W,12,8,2020,17,20,44,646.70,23.07,944.65,585.39
002,801,655,678,319,33.5566,S,70.5995,W,12,8,2020,17,21,23,646.70,23.07,944.65,585.39
002,779,662,705,387,33.5566,S,70.5995,W,12,8,2020,17,22,2,,23.07,944.65,585.39
002,756,619,673,332,33.5566,S,70.5995,W,12,8,2020,17,25,44,643.40,22.51,944.61,585.73
002,747,638,676,361,33.5566,S,70.5995,W,12,8,2020,17,26,23,643.40,22.51,944.61,585.73
002,719,615,672,350,33.5566,S,70.5995,W,12,8,2020,17,27,2,,22.51,944.61,585.73
002,758,640,672,339,33.5566,S,70.5995,W,12,8,2020,17,30,44,642.50,22.65,944.63,585.58
002,764,625,684,344,33.5566,S,70.5995,W,12,8,2020,17,31,23,642.50,22.65,944.63,585.58
002,763,640,679,358,33.5566,S,70.5995,W,12,8,2020,17,32,2,,22.65,944.63,585.58
002,748,675,684,382,33.5566,S,70.5995,W,12,8,2020,17,35,44,641.20,21.89,944.58,586.00
002,772,657,695,402,33.5566,S,70.5995,W,12,8,2020,17,36,23,641.20,21.89,944.58,586.00
002,763,660,679,374,33.5566,S,70.5995,W,12,8,2020,17,37,2,,21.89,944.58,586.00
002,748,636,669,364,33.5566,S,70.5995,W,12,8,2020,17,40,44,640.60,21.58,944.62,585.66
002,748,643,675,348,33.5566,S,70.5995,W,12,8,2020,17,41,23,640.60,21.58,944.62,585.66
002,767,648,671,360,33.5566,S,70.5995,W,12,8,2020,17,42,2,,21.58,944.62,585.66
002,736,612,660,326,33.5566,S,70.5995,W,12,8,2020,17,45,44,640.20,21.60,944.65,585.43
002,719,605,638,372,33.5566,S,70.5995,W,12,8,2020,17,46,23,640.20,21.60,944.65,585.43
002,723,600,636,323,33.5566,S,70.5995,W,12,8,2020,17,47,2,,21.60,944.65,585.43
002,735,636,676,375,33.5566,S,70.5995,W,12,8,2020,18,0,44,639.90,20.86,944.82,583.86
002,788,619,670,358,33.5566,S,70.5995,W,12,8,2020,18,1,23,639.90,20.86,944.82,583.86
002,752,645,684,416,33.5566,S,70.5995,W,12,8,2020,18,2,2,,20.86,944.82,583.86
002,768,641,700,354,33.5566,S,70.5995,W,12,8,2020,18,5,44,631.60,21.51,944.81,583.95
002,769,651,692,355,33.5566,S,70.5995,W,12,8,2020,18,6,23,631.60,21.51,944.81,583.95
002,728,647,683,379,33.5566,S,70.5995,W,12,8,2020,18,7,2,,21.51,944.81,583.95
002,726,641,676,344,33.5566,S,70.5994,W,12,8,2020,18,10,44,627.60,22.40,944.83,583.85
002,748,603,662,339,33.5566,S,70.5994,W,12,8,2020,18,11,23,627.60,22.40,944.83,583.85
002,743,607,655,363,33.5566,S,70.5994,W,12,8,2020,18,12,2,,22.40,944.83,583.85
002,719,620,647,348,33.5566,S,70.5995,W,12,8,2020,18,15,44,634.00,21.93,944.82,583.89
002,724,588,636,335,33.5566,S,70.5995,W,12,8,2020,18,16,23,634.00,21.93,944.82,583.89
002,694,601,617,283,33.5566,S,70.5995,W,12,8,2020,18,17,2,,21.93,944.82,583.89
002,722,569,643,338,33.5566,S,70.5995,W,12,8,2020,18,20,44,632.70,22.73,944.86,583.53
002,715,608,649,350,33.5566,S,70.5995,W,12,8,2020,18,21,23,632.70,22.73,944.86,583.53
002,702,511,632,343,33.5566,S,70.5995,W,12,8,2020,18,22,2,,22.73,944.86,583.53
002,675,591,615,307,33.5566,S,70.5995,W,12,8,2020,18,25,44,642.90,21.85,944.78,584.21
002,688,591,632,325,33.5566,S,70.5995,W,12,8,2020,18,26,23,642.90,21.85,944.78,584.21
002,718,593,624,303,33.5566,S,70.5995,W,12,8,2020,18,27,2,,21.85,944.78,584.21
002,707,606,632,305,33.5566,S,70.5995,W,12,8,2020,18,30,44,638.40,22.17,944.79,584.12
002,668,561,632,331,33.5566,S,70.5995,W,12,8,2020,18,31,23,638.40,22.17,944.79,584.12
002,675,591,620,299,33.5566,S,70.5995,W,12,8,2020,18,32,2,,22.17,944.79,584.12
002,700,576,616,336,33.5566,S,70.5995,W,12,8,2020,18,35,44,641.30,21.12,944.86,583.51
002,685,582,617,319,33.5566,S,70.5995,W,12,8,2020,18,36,23,641.30,21.12,944.86,583.51
002,696,570,619,303,33.5566,S,70.5995,W,12,8,2020,18,37,2,,21.12,944.86,583.51
002,668,572,630,308,33.5566,S,70.5995,W,12,8,2020,18,40,44,636.20,21.72,944.79,584.15
002,681,550,617,328,33.5566,S,70.5995,W,12,8,2020,18,41,23,636.20,21.72,944.79,584.15
002,700,569,624,310,33.5566,S,70.5995,W,12,8,2020,18,42,2,,21.72,944.79,584.15
002,676,564,612,291,33.5567,S,70.5995,W,12,8,2020,18,45,44,637.50,22.05,944.79,584.20
002,696,575,622,316,33.5567,S,70.5995,W,12,8,2020,18,46,23,637.50,22.05,944.79,584.20
002,688,575,618,299,33.5567,S,70.5995,W,12,8,2020,18,47,2,,22.05,944.79,584.20
002,675,591,628,372,33.5567,S,70.5995,W,12,8,2020,18,50,44,636.40,21.63,944.83,583.82
002,697,572,632,308,33.5567,S,70.5995,W,12,8,2020,18,51,23,636.40,21.63,944.83,583.82
002,655,593,575,312,33.5567,S,70.5995,W,12,8,2020,18,52,2,,21.63,944.83,583.82
002,648,544,595,279,33.5566,S,70.5995,W,12,8,2020,18,55,44,639.00,21.53,944.93,582.95
002,643,498,574,287,33.5566,S,70.5995,W,12,8,2020,18,56,23,639.00,21.53,944.93,582.95
002,618,529,580,285,33.5566,S,70.5995,W,12,8,2020,18,57,2,,21.53,944.93,582.95
002,662,560,587,363,33.5566,S,70.5995,W,12,8,2020,19,0,44,638.90,21.08,944.80,584.08
002,669,578,611,304,33.5566,S,70.5995,W,12,8,2020,19,1,23,638.90,21.08,944.80,584.08
002,672,575,599,371,33.5566,S,70.5995,W,12,8,2020,19,2,2,,21.08,944.80,584.08
002,647,554,582,302,33.5566,S,70.5995,W,12,8,2020,19,5,44,633.80,21.18,944.85,583.63
002,636,559,575,284,33.5566,S,70.5995,W,12,8,2020,19,6,23,633.80,21.18,944.85,583.63
002,587,487,563,277,33.5566,S,70.5995,W,12,8,2020,19,7,2,,21.18,944.85,583.63
002,625,543,570,270,33.5566,S,70.5995,W,12,8,2020,19,10,44,637.50,21.67,944.85,583.64
002,628,511,551,255,33.5566,S,70.5995,W,12,8,2020,19,11,23,637.50,21.67,944.85,583.64
002,636,519,566,271,33.5566,S,70.5995,W,12,8,2020,19,12,2,,21.67,944.85,583.64
002,624,509,553,304,33.5566,S,70.5995,W,12,8,2020,19,15,44,637.30,22.09,944.86,583.51
002,606,513,558,261,33.5566,S,70.5995,W,12,8,2020,19,16,23,637.30,22.09,944.86,583.51
002,618,510,537,251,33.5566,S,70.5995,W,12,8,2020,19,17,2,,22.09,944.86,583.51
002,583,484,535,307,33.5566,S,70.5995,W,12,8,2020,19,20,44,636.40,21.96,944.85,583.64
002,588,504,536,268,33.5566,S,70.5995,W,12,8,2020,19,21,23,636.40,21.96,944.85,583.64
002,579,501,537,248,33.5566,S,70.5995,W,12,8,2020,19,22,2,,21.96,944.85,583.64
002,575,496,529,265,33.5566,S,70.5995,W,12,8,2020,19,25,44,639.10,21.02,944.89,583.31
002,583,497,509,259,33.5566,S,70.5995,W,12,8,2020,19,26,23,639.10,21.02,944.89,583.31
002,574,475,482,222,33.5566,S,70.5995,W,12,8,2020,19,27,2,,21.02,944.89,583.31
002,577,453,502,228,33.5566,S,70.5995,W,12,8,2020,19,30,44,637.00,21.67,944.79,584.12
002,557,437,505,236,33.5566,S,70.5995,W,12,8,2020,19,31,23,637.00,21.67,944.79,584.12
002,554,450,500,286,33.5566,S,70.5995,W,12,8,2020,19,32,2,,21.67,944.79,584.12
002,536,439,470,275,33.5566,S,70.5995,W,12,8,2020,19,35,44,634.10,22.27,944.79,584.20
002,525,440,480,283,33.5566,S,70.5995,W,12,8,2020,19,36,23,634.10,22.27,944.79,584.20
002,524,413,469,211,33.5566,S,70.5995,W,12,8,2020,19,37,2,,22.27,944.79,584.20
002,531,417,464,204,33.5566,S,70.5995,W,12,8,2020,19,40,44,639.00,20.86,944.80,584.05
002,484,431,463,224,33.5566,S,70.5995,W,12,8,2020,19,41,23,639.00,20.86,944.80,584.05
002,506,415,457,199,33.5566,S,70.5995,W,12,8,2020,19,42,2,,20.86,944.80,584.05
002,515,414,460,193,33.5566,S,70.5995,W,12,8,2020,19,45,44,638.60,20.93,944.81,584.02
002,515,392,441,219,33.5566,S,70.5995,W,12,8,2020,19,46,23,638.60,20.93,944.81,584.02
002,522,417,451,208,33.5566,S,70.5995,W,12,8,2020,19,47,2,,20.93,944.81,584.02
002,524,419,448,205,33.5566,S,70.5995,W,12,8,2020,19,50,44,634.70,21.66,944.78,584.28
002,501,420,451,224,33.5566,S,70.5995,W,12,8,2020,19,51,23,634.70,21.66,944.78,584.28
002,483,400,447,231,33.5566,S,70.5995,W,12,8,2020,19,52,2,,21.66,944.78,584.28
002,444,376,403,195,33.5566,S,70.5995,W,12,8,2020,19,55,44,636.70,21.51,944.94,582.85
002,442,384,398,174,33.5566,S,70.5995,W,12,8,2020,19,56,23,636.70,21.51,944.94,582.85
002,439,366,402,194,33.5566,S,70.5995,W,12,8,2020,19,57,2,,21.51,944.94,582.85
002,438,355,387,200,33.5566,S,70.5995,W,12,8,2020,20,0,44,635.00,20.17,944.87,583.47
002,423,367,393,180,33.5566,S,70.5995,W,12,8,2020,20,1,23,635.00,20.17,944.87,583.47
002,430,355,391,220,33.5566,S,70.5995,W,12,8,2020,20,2,2,,20.17,944.87,583.47
002,397,345,369,183,33.5566,S,70.5994,W,12,8,2020,20,5,44,635.70,19.79,944.85,583.60
002,394,339,372,200,33.5566,S,70.5994,W,12,8,2020,20,6,23,635.70,19.79,944.85,583.60
002,399,333,353,173,33.5566,S,70.5994,W,12,8,2020,20,7,2,,19.79,944.85,583.60
002,401,332,349,185,33.5566,S,70.5995,W,12,8,2020,20,10,44,634.50,19.51,944.86,583.52
002,396,313,343,159,33.5566,S,70.5995,W,12,8,2020,20,11,23,634.50,19.51,944.86,583.52
002,371,316,342,184,33.5566,S,70.5995,W,12,8,2020,20,12,2,,19.51,944.86,583.52
002,350,276,322,187,33.5567,S,70.5995,W,12,8,2020,20,15,44,636.40,19.25,944.83,583.80
002,283,218,312,182,33.5567,S,70.5995,W,12,8,2020,20,16,23,636.40,19.25,944.83,583.80
002,233,192,247,151,33.5567,S,70.5995,W,12,8,2020,20,17,2,,19.25,944.83,583.80
002,345,296,304,176,33.5567,S,70.5995,W,12,8,2020,20,20,44,637.30,19.40,944.91,583.08
002,332,291,303,182,33.5567,S,70.5995,W,12,8,2020,20,21,23,637.30,19.40,944.91,583.08
002,342,302,307,174,33.5567,S,70.5995,W,12,8,2020,20,22,2,,19.40,944.91,583.08
002,316,265,276,185,33.5567,S,70.5994,W,12,8,2020,20,25,44,634.40,18.74,944.99,582.43
002,298,250,259,204,33.5567,S,70.5994,W,12,8,2020,20,26,23,634.40,18.74,944.99,582.43
002,313,250,271,188,33.5567,S,70.5994,W,12,8,2020,20,27,2,,18.74,944.99,582.43
002,292,246,276,186,33.5567,S,70.5994,W,12,8,2020,20,30,44,639.10,18.42,944.95,582.71
002,307,254,267,189,33.5567,S,70.5994,W,12,8,2020,20,31,23,639.10,18.42,944.95,582.71
002,304,263,262,205,33.5567,S,70.5994,W,12,8,2020,20,32,2,,18.42,944.95,582.71
