002,14,12,12,10,33.4581,S,70.6619,W,14,8,2020,16,16,32,562.50, NAN, NAN, NAN
002,13,7,12,10,33.4581,S,70.6619,W,14,8,2020,16,17,11,562.50, NAN, NAN, NAN
002,12,6,9,9,33.4581,S,70.6619,W,14,8,2020,16,17,50,562.50, NAN, NAN, NAN
002,35,29,26,27,33.4581,S,70.6619,W,14,8,2020,17,5,44,561.00, NAN, NAN, NAN
002,80,73,74,50,33.4581,S,70.6619,W,14,8,2020,17,6,23,561.00, NAN, NAN, NAN
002,12,8,13,9,33.4581,S,70.6619,W,14,8,2020,17,7,2,561.00, NAN, NAN, NAN
002,12,7,10,9,33.4582,S,70.6620,W,14,8,2020,17,10,44,556.40,20.70,957.06,476.63
002,13,6,11,9,33.4582,S,70.6620,W,14,8,2020,17,11,23,556.40,20.70,957.06,476.63
002,13,6,10,9,33.4582,S,70.6620,W,14,8,2020,17,12,2,556.40,20.70,957.06,476.63
002,544,459,506,246,33.4581,S,70.6619,W,14,8,2020,17,15,44,561.40,21.16,957.03,476.89
002,97,79,116,17,33.4581,S,70.6619,W,14,8,2020,17,16,23,561.40,21.16,957.03,476.89
002,11,6,8,8,33.4581,S,70.6619,W,14,8,2020,17,17,2,561.40,21.16,957.03,476.89
002,11,6,8,9,33.4582,S,70.6619,W,14,8,2020,17,20,44,556.70,19.85,957.02,476.99
002,11,6,9,10,33.4582,S,70.6619,W,14,8,2020,17,21,23,556.70,19.85,957.02,476.99
002,12,8,12,9,33.4582,S,70.6619,W,14,8,2020,17,22,2,556.70,19.85,957.02,476.99
002,12,6,9,8,33.4582,S,70.6620,W,14,8,2020,17,25,44,557.40,17.83,956.99,477.23
002,13,10,12,10,33.4582,S,70.6620,W,14,8,2020,17,26,23,557.40,17.83,956.99,477.23
002,14,6,9,10,33.4582,S,70.6620,W,14,8,2020,17,27,2,557.40,17.83,956.99,477.23
002,301,291,256,159,33.4582,S,70.6619,W,14,8,2020,17,30,44,558.90,17.02,956.85,478.46
002,380,335,335,168,33.4582,S,70.6619,W,14,8,2020,17,31,23,558.90,17.02,956.85,478.46
002,279,264,311,157,33.4582,S,70.6619,W,14,8,2020,17,32,2,,17.02,956.85,478.46
002,459,432,442,185,33.4581,S,70.6620,W,14,8,2020,17,35,44,555.00,16.87,956.72,479.58
002,598,509,544,274,33.4581,S,70.6620,W,14,8,2020,17,36,23,555.00,16.87,956.72,479.58
002,611,505,551,274,33.4581,S,70.6620,W,14,8,2020,17,37,2,,16.87,956.72,479.58
002,258,238,263,190,33.4582,S,70.6619,W,14,8,2020,17,40,44,557.20,17.85,956.73,479.46
002,224,190,172,87,33.4582,S,70.6619,W,14,8,2020,17,41,23,557.20,17.85,956.73,479.46
002,101,112,70,50,33.4582,S,70.6619,W,14,8,2020,17,42,2,,17.85,956.73,479.46
002,569,463,489,293,33.4582,S,70.6619,W,14,8,2020,17,45,44,558.90,18.89,956.67,480.03
002,578,496,520,258,33.4582,S,70.6619,W,14,8,2020,17,46,23,558.90,18.89,956.67,480.03
002,607,501,535,290,33.4582,S,70.6619,W,14,8,2020,17,47,2,,18.89,956.67,480.03
002,606,547,575,281,33.4582,S,70.6619,W,14,8,2020,17,55,44,559.70,23.89,956.67,479.98
002,615,522,554,249,33.4582,S,70.6619,W,14,8,2020,17,56,23,559.70,23.89,956.67,479.98
002,624,530,560,261,33.4582,S,70.6619,W,14,8,2020,17,57,2,,23.89,956.67,479.98
002,582,447,520,234,33.4582,S,70.6619,W,14,8,2020,18,0,44,560.50,25.91,956.65,480.19
002,563,441,499,238,33.4582,S,70.6619,W,14,8,2020,18,1,23,560.50,25.91,956.65,480.19
002,451,375,451,179,33.4582,S,70.6619,W,14,8,2020,18,2,2,,25.91,956.65,480.19
002,181,120,98,61,33.4582,S,70.6619,W,14,8,2020,18,5,44,556.80,22.68,956.51,481.39
002,91,62,86,54,33.4582,S,70.6619,W,14,8,2020,18,6,23,556.80,22.68,956.51,481.39
002,28,12,16,9,33.4582,S,70.6619,W,14,8,2020,18,7,2,556.80,22.68,956.51,481.39
002,22,20,14,10,33.4582,S,70.6619,W,14,8,2020,18,10,44,549.60,18.62,956.44,482.05
002,14,6,9,10,33.4582,S,70.6619,W,14,8,2020,18,11,23,549.60,18.62,956.44,482.05
002,12,6,11,10,33.4582,S,70.6619,W,14,8,2020,18,12,2,549.60,18.62,956.44,482.05
002,13,12,13,12,33.4582,S,70.6619,W,14,8,2020,18,15,44,550.60,16.19,956.39,482.45
002,13,10,11,10,33.4582,S,70.6619,W,14,8,2020,18,16,23,550.60,16.19,956.39,482.45
002,13,6,11,9,33.4582,S,70.6619,W,14,8,2020,18,17,2,550.60,16.19,956.39,482.45
002,14,7,11,9,33.4582,S,70.6619,W,14,8,2020,18,20,44,553.30,15.19,956.47,481.75
002,14,6,9,9,33.4582,S,70.6619,W,14,8,2020,18,21,23,553.30,15.19,956.47,481.75
002,13,6,9,9,33.4582,S,70.6619,W,14,8,2020,18,22,2,553.30,15.19,956.47,481.75
002,14,8,10,9,33.4582,S,70.6619,W,14,8,2020,18,25,44,556.90,15.41,956.40,482.42
002,39,27,52,34,33.4582,S,70.6619,W,14,8,2020,18,26,23,556.90,15.41,956.40,482.42
002,22,12,18,18,33.4582,S,70.6619,W,14,8,2020,18,27,2,556.90,15.41,956.40,482.42
002,14,6,10,10,33.4582,S,70.6619,W,14,8,2020,18,30,44,546.40,15.79,956.34,482.89
002,14,6,9,9,33.4582,S,70.6619,W,14,8,2020,18,31,23,546.40,15.79,956.34,482.89
002,17,14,15,12,33.4582,S,70.6619,W,14,8,2020,18,32,2,546.40,15.79,956.34,482.89
002,565,476,498,218,33.4582,S,70.6619,W,14,8,2020,18,35,44,566.00,18.49,956.40,482.36
002,583,471,503,225,33.4582,S,70.6619,W,14,8,2020,18,36,23,566.00,18.49,956.40,482.36
002,568,461,504,238,33.4582,S,70.6619,W,14,8,2020,18,37,2,,18.49,956.40,482.36
002,484,405,457,204,33.4582,S,70.6619,W,14,8,2020,18,40,44,553.70,21.75,956.49,481.56
002,505,440,452,226,33.4582,S,70.6619,W,14,8,2020,18,41,23,553.70,21.75,956.49,481.56
002,496,404,445,191,33.4582,S,70.6619,W,14,8,2020,18,42,2,,21.75,956.49,481.56
002,27,22,25,11,33.4582,S,70.6619,W,14,8,2020,18,45,44,554.10,21.87,956.44,481.99
002,17,12,14,12,33.4582,S,70.6619,W,14,8,2020,18,46,23,554.10,21.87,956.44,481.99
002,16,13,15,13,33.4582,S,70.6619,W,14,8,2020,18,47,2,554.10,21.87,956.44,481.99
002,206,133,193,145,33.4582,S,70.6619,W,14,8,2020,18,50,44,551.00,19.20,956.33,483.01
002,18,8,14,9,33.4582,S,70.6619,W,14,8,2020,18,51,23,551.00,19.20,956.33,483.01
002,13,6,10,9,33.4582,S,70.6619,W,14,8,2020,18,52,2,551.00,19.20,956.33,483.01
002,36,33,39,19,33.4582,S,70.6619,W,14,8,2020,18,55,44,555.80,17.08,956.37,482.63
002,225,168,219,142,33.4582,S,70.6619,W,14,8,2020,18,56,23,555.80,17.08,956.37,482.63
002,299,244,249,198,33.4582,S,70.6619,W,14,8,2020,18,57,2,,17.08,956.37,482.63
002,365,314,340,216,33.4582,S,70.6619,W,14,8,2020,19,0,44,555.90,18.88,956.34,482.94
002,398,328,346,200,33.4582,S,70.6619,W,14,8,2020,19,1,23,555.90,18.88,956.34,482.94
002,305,265,300,163,33.4582,S,70.6619,W,14,8,2020,19,2,2,,18.88,956.34,482.94
002,424,352,401,201,33.4582,S,70.6619,W,14,8,2020,19,5,44,558.10,19.48,956.27,483.54
002,415,354,394,217,33.4582,S,70.6619,W,14,8,2020,19,6,23,558.10,19.48,956.27,483.54
002,416,322,370,198,33.4582,S,70.6619,W,14,8,2020,19,7,2,,19.48,956.27,483.54
002,368,271,327,192,33.4582,S,70.6619,W,14,8,2020,19,10,44,558.50,18.73,956.31,483.20
002,338,236,302,182,33.4582,S,70.6619,W,14,8,2020,19,11,23,558.50,18.73,956.31,483.20
002,244,127,209,51,33.4582,S,70.6619,W,14,8,2020,19,12,2,,18.73,956.31,483.20
002,395,330,375,166,33.4582,S,70.6620,W,14,8,2020,19,15,44,559.70,19.68,956.29,483.32
002,397,348,379,193,33.4582,S,70.6620,W,14,8,2020,19,16,23,559.70,19.68,956.29,483.32
002,416,352,385,203,33.4582,S,70.6620,W,14,8,2020,19,17,2,,19.68,956.29,483.32
002,420,355,381,202,33.4582,S,70.6620,W,14,8,2020,19,20,44,546.00,20.17,956.28,483.42
002,414,343,380,190,33.4582,S,70.6620,W,14,8,2020,19,21,23,546.00,20.17,956.28,483.42
002,423,361,387,204,33.4582,S,70.6620,W,14,8,2020,19,22,2,,20.17,956.28,483.42
002,395,326,375,200,33.4582,S,70.6620,W,14,8,2020,19,25,44,552.40,20.47,956.24,483.74
002,402,342,375,193,33.4582,S,70.6620,W,14,8,2020,19,26,23,552.40,20.47,956.24,483.74
002,406,345,375,181,33.4582,S,70.6620,W,14,8,2020,19,27,2,,20.47,956.24,483.74
002,347,345,347,166,33.4582,S,70.6619,W,14,8,2020,19,30,44,551.20,19.81,956.29,483.32
002,408,327,364,180,33.4582,S,70.6619,W,14,8,2020,19,31,23,551.20,19.81,956.29,483.32
002,404,331,373,197,33.4582,S,70.6619,W,14,8,2020,19,32,2,,19.81,956.29,483.32
002,406,335,361,216,33.4582,S,70.6620,W,14,8,2020,19,35,44,552.20,20.79,956.25,483.70
002,400,358,369,207,33.4582,S,70.6620,W,14,8,2020,19,36,23,552.20,20.79,956.25,483.70
002,418,334,368,205,33.4582,S,70.6620,W,14,8,2020,19,37,2,,20.79,956.25,483.70
002,401,338,356,172,33.4582,S,70.6620,W,14,8,2020,19,40,44,553.30,20.50,956.26,483.61
002,399,327,367,199,33.4582,S,70.6620,W,14,8,2020,19,41,23,553.30,20.50,956.26,483.61
002,377,320,355,191,33.4582,S,70.6620,W,14,8,2020,19,42,2,,20.50,956.26,483.61
002,373,310,327,188,33.4582,S,70.6620,W,14,8,2020,19,45,44,552.40,20.57,956.29,483.33
002,363,305,314,195,33.4582,S,70.6620,W,14,8,2020,19,46,23,552.40,20.57,956.29,483.33
002,371,301,299,176,33.4582,S,70.6620,W,14,8,2020,19,47,2,,20.57,956.29,483.33
002,363,300,331,191,33.4582,S,70.6620,W,14,8,2020,19,50,44,554.10,20.31,956.27,483.53
002,363,302,329,191,33.4582,S,70.6620,W,14,8,2020,19,51,23,554.10,20.31,956.27,483.53
002,359,304,329,192,33.4582,S,70.6620,W,14,8,2020,19,52,2,,20.31,956.27,483.53
002,344,290,309,184,33.4582,S,70.6619,W,14,8,2020,19,55,44,553.80,20.15,956.27,483.48
002,342,289,313,195,33.4582,S,70.6619,W,14,8,2020,19,56,23,553.80,20.15,956.27,483.48
002,326,280,287,194,33.4582,S,70.6619,W,14,8,2020,19,57,2,,20.15,956.27,483.48
002,327,280,294,171,33.4582,S,70.6620,W,14,8,2020,20,0,44,552.00,19.69,956.27,483.49
002,312,270,287,160,33.4582,S,70.6620,W,14,8,2020,20,1,23,552.00,19.69,956.27,483.49
002,307,267,291,175,33.4582,S,70.6620,W,14,8,2020,20,2,2,,19.69,956.27,483.49
002,187,166,218,181,33.4582,S,70.6620,W,14,8,2020,20,5,44,552.50,20.63,956.36,482.74
002,287,240,237,195,33.4582,S,70.6620,W,14,8,2020,20,6,23,552.50,20.63,956.36,482.74
002,288,246,257,177,33.4582,S,70.6620,W,14,8,2020,20,7,2,,20.63,956.36,482.74
002,284,232,256,188,33.4582,S,70.6619,W,14,8,2020,20,10,44,548.60,19.99,956.39,482.51
002,280,225,241,205,33.4582,S,70.6619,W,14,8,2020,20,11,23,548.60,19.99,956.39,482.51
002,274,222,238,206,33.4582,S,70.6619,W,14,8,2020,20,12,2,,19.99,956.39,482.51
002,263,233,231,211,33.4582,S,70.6619,W,14,8,2020,20,15,44,544.80,19.20,956.40,482.34
002,246,210,222,170,33.4582,S,70.6619,W,14,8,2020,20,16,23,544.80,19.20,956.40,482.34
002,264,216,226,201,33.4582,S,70.6619,W,14,8,2020,20,17,2,,19.20,956.40,482.34
002,173,142,142,181,33.4582,S,70.6619,W,14,8,2020,20,20,44,547.40,19.51,956.37,482.66
002,213,205,188,221,33.4582,S,70.6619,W,14,8,2020,20,21,23,547.40,19.51,956.37,482.66
002,118,161,94,60,33.4582,S,70.6619,W,14,8,2020,20,22,2,,19.51,956.37,482.66
002,204,178,124,57,33.4582,S,70.6619,W,14,8,2020,20,25,44,551.20,19.76,956.48,481.68
002,164,146,131,58,33.4582,S,70.6619,W,14,8,2020,20,26,23,551.20,19.76,956.48,481.68
002,89,121,72,52,33.4582,S,70.6619,W,14,8,2020,20,27,2,551.20,19.76,956.48,481.68
002,165,171,114,57,33.4582,S,70.6619,W,14,8,2020,20,30,44,553.20,18.94,956.48,481.65
002,176,171,112,63,33.4582,S,70.6619,W,14,8,2020,20,31,23,553.20,18.94,956.48,481.65
002,91,113,75,60,33.4582,S,70.6619,W,14,8,2020,20,32,2,553.20,18.94,956.48,481.65
002,185,156,148,98,33.4582,S,70.6619,W,14,8,2020,20,35,44,553.20,18.45,956.50,481.50
002,179,165,124,63,33.4582,S,70.6619,W,14,8,2020,20,36,23,553.20,18.45,956.50,481.50
002,147,146,70,60,33.4582,S,70.6619,W,14,8,2020,20,37,2,,18.45,956.50,481.50
002,146,128,118,57,33.4582,S,70.6619,W,14,8,2020,20,40,44,554.80,17.96,956.47,481.76
002,143,122,91,55,33.4582,S,70.6619,W,14,8,2020,20,41,23,554.80,17.96,956.47,481.76
002,135,118,108,52,33.4582,S,70.6619,W,14,8,2020,20,42,2,,17.96,956.47,481.76
002,120,116,95,71,33.4582,S,70.6619,W,14,8,2020,20,45,44,557.00,17.72,956.52,481.34
002,125,109,104,39,33.4582,S,70.6619,W,14,8,2020,20,46,23,557.00,17.72,956.52,481.34
002,113,94,91,52,33.4582,S,70.6619,W,14,8,2020,20,47,2,557.00,17.72,956.52,481.34
002,113,102,79,48,33.4582,S,70.6619,W,14,8,2020,20,50,44,556.40,17.40,956.49,481.56
002,98,95,63,46,33.4582,S,70.6619,W,14,8,2020,20,51,23,556.40,17.40,956.49,481.56
002,111,98,81,33,33.4582,S,70.6619,W,14,8,2020,20,52,2,556.40,17.40,956.49,481.56
002,95,77,82,49,33.4582,S,70.6619,W,14,8,2020,20,55,44,555.70,17.04,956.55,481.03
002,82,79,74,49,33.4582,S,70.6619,W,14,8,2020,20,56,23,555.70,17.04,956.55,481.03
002,89,73,75,55,33.4582,S,70.6619,W,14,8,2020,20,57,2,555.70,17.04,956.55,481.03
002,73,74,71,50,33.4582,S,70.6619,W,14,8,2020,21,0,44,556.40,16.94,956.48,481.67
002,78,70,73,41,33.4582,S,70.6619,W,14,8,2020,21,1,23,556.40,16.94,956.48,481.67
002,90,78,69,39,33.4582,S,70.6619,W,14,8,2020,21,2,2,556.40,16.94,956.48,481.67
002,53,56,59,33,33.4582,S,70.6619,W,14,8,2020,21,10,44,559.80,16.13,956.65,480.22
002,64,60,65,37,33.4582,S,70.6619,W,14,8,2020,21,11,23,559.80,16.13,956.65,480.22
002,61,56,66,33,33.4582,S,70.6619,W,14,8,2020,21,12,2,559.80,16.13,956.65,480.22
002,18,11,13,9,33.4582,S,70.6619,W,14,8,2020,21,15,44,561.00,15.63,956.66,480.14
002,17,12,15,10,33.4582,S,70.6619,W,14,8,2020,21,16,23,561.00,15.63,956.66,480.14
002,16,9,14,8,33.4582,S,70.6619,W,14,8,2020,21,17,2,561.00,15.63,956.66,480.14
002,26,23,15,10,33.4582,S,70.6619,W,14,8,2020,21,20,44,562.20,15.39,956.66,480.14
002,19,14,13,10,33.4582,S,70.6619,W,14,8,2020,21,21,23,562.20,15.39,956.66,480.14
002,43,30,29,10,33.4582,S,70.6619,W,14,8,2020,21,22,2,562.20,15.39,956.66,480.14
002,18,10,10,9,33.4582,S,70.6619,W,14,8,2020,21,25,44,561.50,15.18,956.58,480.78
002,17,11,15,11,33.4582,S,70.6619,W,14,8,2020,21,26,23,561.50,15.18,956.58,480.78
002,18,11,10,9,33.4582,S,70.6619,W,14,8,2020,21,27,2,561.50,15.18,956.58,480.78
002,18,14,15,9,33.4582,S,70.6619,W,14,8,2020,21,30,44,555.40,14.69,956.66,480.13
002,16,12,14,9,33.4582,S,70.6619,W,14,8,2020,21,31,23,555.40,14.69,956.66,480.13
002,18,10,11,9,33.4582,S,70.6619,W,14,8,2020,21,32,2,555.40,14.69,956.66,480.13
002,22,11,19,29,33.4582,S,70.6619,W,0,0,2000,12,5,44,567.60,1.84,957.00,477.12
002,18,10,21,28,33.4582,S,70.6619,W,15,8,2020,12,6,24,567.60,1.84,957.00,477.12
002,14,10,22,29,33.4582,S,70.6619,W,15,8,2020,12,7,3,567.60,1.84,957.00,477.12
002,17,12,26,29,33.4582,S,70.6619,W,15,8,2020,12,10,44,551.70,2.27,957.06,476.61
002,15,10,23,30,33.4582,S,70.6619,W,15,8,2020,12,11,24,551.70,2.27,957.06,476.61
002,18,10,24,29,33.4582,S,70.6619,W,15,8,2020,12,12,3,551.70,2.27,957.06,476.61
002,26,14,22,31,33.4582,S,70.6620,W,15,8,2020,12,15,44,546.20,3.19,957.02,477.00
002,15,11,22,30,33.4582,S,70.6620,W,15,8,2020,12,16,24,546.20,3.19,957.02,477.00
002,14,8,19,33,33.4582,S,70.6620,W,15,8,2020,12,17,3,546.20,3.19,957.02,477.00
002,16,10,22,30,33.4582,S,70.6620,W,0,0,2000,12,20,44,551.10,4.45,957.08,476.48
002,14,10,20,29,33.4582,S,70.6620,W,15,8,2020,12,21,24,551.10,4.45,957.08,476.48
002,15,10,17,30,33.4582,S,70.6620,W,15,8,2020,12,22,3,551.10,4.45,957.08,476.48
002,14,7,17,25,33.4582,S,70.6619,W,15,8,2020,12,25,45,552.80,5.62,957.31,474.48
002,14,7,20,30,33.4582,S,70.6619,W,15,8,2020,12,26,24,552.80,5.62,957.31,474.48
002,14,7,20,30,33.4582,S,70.6619,W,15,8,2020,12,27,3,552.80,5.62,957.31,474.48
002,14,10,21,32,33.4582,S,70.6619,W,0,0,2000,12,30,44,550.60,6.39,957.35,474.05
002,15,6,21,33,33.4582,S,70.6619,W,15,8,2020,12,31,24,550.60,6.39,957.35,474.05
002,15,11,22,31,33.4582,S,70.6619,W,15,8,2020,12,32,3,550.60,6.39,957.35,474.05
002,36,25,37,30,33.4582,S,70.6620,W,15,8,2020,12,35,45,552.40,7.05,957.52,472.64
002,32,27,33,37,33.4582,S,70.6620,W,15,8,2020,12,36,24,552.40,7.05,957.52,472.64
002,38,32,47,29,33.4582,S,70.6620,W,15,8,2020,12,37,3,552.40,7.05,957.52,472.64
002,48,34,44,29,33.4582,S,70.6620,W,15,8,2020,12,40,45,553.80,7.73,957.37,473.89
002,62,45,68,42,33.4582,S,70.6620,W,15,8,2020,12,41,24,553.80,7.73,957.37,473.89
002,68,56,52,33,33.4582,S,70.6620,W,15,8,2020,12,42,3,553.80,7.73,957.37,473.89
002,71,65,69,51,33.4583,S,70.6620,W,15,8,2020,12,45,45,555.10,8.12,957.36,474.00
002,65,66,67,47,33.4583,S,70.6620,W,15,8,2020,12,46,24,555.10,8.12,957.36,474.00
002,68,67,56,53,33.4583,S,70.6620,W,15,8,2020,12,47,3,555.10,8.12,957.36,474.00
002,84,74,76,36,33.4583,S,70.6620,W,15,8,2020,12,50,45,552.20,8.76,957.46,473.09
002,84,56,73,29,33.4583,S,70.6620,W,15,8,2020,12,51,24,552.20,8.76,957.46,473.09
002,42,31,70,50,33.4583,S,70.6620,W,15,8,2020,12,52,3,552.20,8.76,957.46,473.09
002,113,95,78,64,33.4582,S,70.6620,W,0,0,2000,12,55,44,555.50,9.01,957.53,472.56
002,102,92,95,52,33.4582,S,70.6620,W,15,8,2020,12,56,24,555.50,9.01,957.53,472.56
002,116,92,89,54,33.4582,S,70.6620,W,15,8,2020,12,57,3,555.50,9.01,957.53,472.56
002,129,109,105,67,33.4582,S,70.6619,W,15,8,2020,13,0,45,550.70,9.39,957.55,472.31
002,135,125,111,56,33.4582,S,70.6619,W,15,8,2020,13,1,24,550.70,9.39,957.55,472.31
002,133,114,110,56,33.4582,S,70.6619,W,15,8,2020,13,2,3,550.70,9.39,957.55,472.31
002,118,105,129,53,33.4581,S,70.6620,W,15,8,2020,13,5,45,552.00,10.03,957.53,472.54
002,139,120,121,58,33.4581,S,70.6620,W,15,8,2020,13,6,24,552.00,10.03,957.53,472.54
002,152,139,135,61,33.4581,S,70.6620,W,15,8,2020,13,7,3,552.00,10.03,957.53,472.54
002,171,140,156,106,33.4582,S,70.6620,W,15,8,2020,13,10,45,550.20,10.52,957.58,472.06
002,171,144,143,116,33.4582,S,70.6620,W,15,8,2020,13,11,24,550.20,10.52,957.58,472.06
002,157,78,121,81,33.4582,S,70.6620,W,15,8,2020,13,12,3,,10.52,957.58,472.06
002,158,132,151,49,33.4581,S,70.6619,W,15,8,2020,13,15,45,550.60,11.29,957.58,472.10
002,148,160,135,68,33.4581,S,70.6619,W,15,8,2020,13,16,24,550.60,11.29,957.58,472.10
002,185,165,142,56,33.4581,S,70.6619,W,15,8,2020,13,17,3,,11.29,957.58,472.10
002,181,143,145,58,33.4582,S,70.6620,W,15,8,2020,13,20,45,551.50,11.55,957.49,472.87
002,83,106,79,74,33.4582,S,70.6620,W,15,8,2020,13,21,24,551.50,11.55,957.49,472.87
002,209,187,113,136,33.4582,S,70.6620,W,15,8,2020,13,22,3,,11.55,957.49,472.87
002,226,181,188,185,33.4582,S,70.6620,W,15,8,2020,13,25,45,547.90,11.97,957.59,472.02
002,162,125,188,148,33.4582,S,70.6620,W,15,8,2020,13,26,24,547.90,11.97,957.59,472.02
002,205,182,152,150,33.4582,S,70.6620,W,15,8,2020,13,27,3,,11.97,957.59,472.02
002,185,173,169,162,33.4582,S,70.6620,W,0,0,2000,13,30,44,547.50,13.07,957.51,472.73
002,139,86,150,163,33.4582,S,70.6620,W,15,8,2020,13,31,24,547.50,13.07,957.51,472.73
002,105,79,115,134,33.4582,S,70.6620,W,15,8,2020,13,32,3,,13.07,957.51,472.73
002,237,203,213,181,33.4582,S,70.6620,W,0,0,2000,13,35,44,550.60,13.90,957.64,471.53
002,213,168,196,186,33.4582,S,70.6620,W,15,8,2020,13,36,24,550.60,13.90,957.64,471.53
002,167,140,147,101,33.4582,S,70.6620,W,15,8,2020,13,37,3,,13.90,957.64,471.53
002,223,195,210,191,33.4582,S,70.6620,W,0,0,2000,13,40,44,553.20,14.50,957.62,471.72
002,228,170,195,177,33.4582,S,70.6620,W,15,8,2020,13,41,24,553.20,14.50,957.62,471.72
002,236,218,207,203,33.4582,S,70.6620,W,15,8,2020,13,42,3,,14.50,957.62,471.72
002,112,167,79,61,33.4582,S,70.6620,W,0,0,2000,13,45,44,545.60,14.81,957.66,471.37
002,188,192,184,146,33.4582,S,70.6620,W,15,8,2020,13,46,24,545.60,14.81,957.66,471.37
002,220,207,146,61,33.4582,S,70.6620,W,15,8,2020,13,47,3,,14.81,957.66,471.37
002,241,186,208,188,33.4582,S,70.6620,W,15,8,2020,13,50,45,544.80,14.87,957.68,471.25
002,175,161,186,186,33.4582,S,70.6620,W,15,8,2020,13,51,24,544.80,14.87,957.68,471.25
002,248,194,213,184,33.4582,S,70.6620,W,15,8,2020,13,52,3,,14.87,957.68,471.25
002,269,213,242,183,33.4582,S,70.6619,W,15,8,2020,13,55,45,550.70,15.35,957.62,471.76
002,270,204,230,204,33.4582,S,70.6619,W,15,8,2020,13,56,24,550.70,15.35,957.62,471.76
002,251,210,231,186,33.4582,S,70.6619,W,15,8,2020,13,57,3,,15.35,957.62,471.76
002,253,206,244,180,33.4582,S,70.6620,W,15,8,2020,14,0,45,553.10,15.97,957.63,471.69
002,252,185,247,193,33.4582,S,70.6620,W,15,8,2020,14,1,24,553.10,15.97,957.63,471.69
002,245,239,258,243,33.4582,S,70.6620,W,15,8,2020,14,2,3,,15.97,957.63,471.69
002,301,247,234,185,33.4582,S,70.6620,W,15,8,2020,14,5,45,551.40,16.00,957.56,472.26
002,286,254,244,252,33.4582,S,70.6620,W,15,8,2020,14,6,24,551.40,16.00,957.56,472.26
002,299,244,262,207,33.4582,S,70.6620,W,15,8,2020,14,7,3,,16.00,957.56,472.26
002,336,292,310,193,33.4582,S,70.6620,W,15,8,2020,14,10,45,0.00,16.24,957.50,472.77
002,363,299,312,194,33.4582,S,70.6620,W,15,8,2020,14,11,24,549.50,16.24,957.50,472.77
002,372,295,330,202,33.4582,S,70.6620,W,15,8,2020,14,12,3,,16.24,957.50,472.77
002,367,313,295,167,33.4582,S,70.6620,W,15,8,2020,14,15,45,555.70,16.06,957.46,473.13
002,382,322,338,190,33.4582,S,70.6620,W,15,8,2020,14,16,24,555.70,16.06,957.46,473.13
002,404,328,356,186,33.4582,S,70.6620,W,15,8,2020,14,17,3,,16.06,957.46,473.13
002,423,353,383,199,33.4582,S,70.6620,W,15,8,2020,14,20,45,0.00,16.45,957.42,473.45
002,401,347,379,250,33.4582,S,70.6620,W,15,8,2020,14,21,24,0.00,16.45,957.42,473.45
002,419,367,379,201,33.4582,S,70.6620,W,15,8,2020,14,22,3,,16.45,957.42,473.45
002,432,351,394,184,33.4582,S,70.6620,W,15,8,2020,14,25,45,0.00,16.81,957.43,473.37
002,438,366,406,188,33.4582,S,70.6620,W,15,8,2020,14,26,24,555.40,16.81,957.43,473.37
002,434,366,404,182,33.4582,S,70.6620,W,15,8,2020,14,27,3,,16.81,957.43,473.37
002,487,407,446,192,33.4582,S,70.6620,W,15,8,2020,14,30,45,0.00,17.44,957.44,473.33
002,504,411,439,263,33.4582,S,70.6620,W,15,8,2020,14,31,24,549.10,17.44,957.44,473.33
002,504,421,456,219,33.4582,S,70.6620,W,15,8,2020,14,32,3,,17.44,957.44,473.33
002,512,433,459,220,33.4582,S,70.6620,W,15,8,2020,14,35,45,0.00,18.23,957.36,474.05
002,508,416,441,196,33.4582,S,70.6620,W,15,8,2020,14,36,24,555.00,18.23,957.36,474.05
002,507,440,455,207,33.4582,S,70.6620,W,15,8,2020,14,37,3,,18.23,957.36,474.05
002,558,446,486,220,33.4581,S,70.6620,W,15,8,2020,14,40,45,552.00,18.31,957.47,473.06
002,560,458,495,223,33.4581,S,70.6620,W,15,8,2020,14,41,24,552.00,18.31,957.47,473.06
002,531,460,500,253,33.4581,S,70.6620,W,15,8,2020,14,42,3,,18.31,957.47,473.06
002,539,456,476,204,33.4582,S,70.6620,W,15,8,2020,14,45,45,0.00,19.24,957.53,472.48
002,507,438,484,238,33.4582,S,70.6620,W,15,8,2020,14,46,24,0.00,19.24,957.53,472.48
002,521,446,466,208,33.4582,S,70.6620,W,15,8,2020,14,47,3,,19.24,957.53,472.48
002,570,469,494,237,33.4582,S,70.6620,W,15,8,2020,14,50,45,0.00,18.78,957.49,472.84
002,562,480,513,285,33.4582,S,70.6620,W,15,8,2020,14,51,24,545.20,18.78,957.49,472.84
002,559,470,503,263,33.4582,S,70.6620,W,15,8,2020,14,52,3,,18.78,957.49,472.84
002,549,473,511,228,33.4582,S,70.6620,W,15,8,2020,14,55,45,0.00,19.41,957.42,473.48
002,569,474,500,245,33.4582,S,70.6620,W,15,8,2020,14,56,24,548.80,19.41,957.42,473.48
002,579,473,506,234,33.4582,S,70.6620,W,15,8,2020,14,57,3,,19.41,957.42,473.48
002,550,477,515,239,33.4582,S,70.6619,W,15,8,2020,15,0,45,0.00,19.74,957.47,473.05
002,572,492,526,244,33.4582,S,70.6619,W,15,8,2020,15,1,24,0.00,19.74,957.47,473.05
002,577,464,515,229,33.4582,S,70.6619,W,15,8,2020,15,2,3,558.70,19.74,957.47,473.05
002,607,511,551,259,33.4581,S,70.6620,W,15,8,2020,15,5,45,0.00,19.44,957.46,473.11
002,582,505,542,269,33.4581,S,70.6620,W,15,8,2020,15,6,24,550.20,19.44,957.46,473.11
002,625,473,529,242,33.4581,S,70.6620,W,15,8,2020,15,7,3,550.20,19.44,957.46,473.11
002,636,514,563,277,33.4582,S,70.6620,W,15,8,2020,15,10,45,0.00,20.48,957.49,472.87
002,632,520,546,275,33.4582,S,70.6620,W,15,8,2020,15,11,24,545.10,20.48,957.49,472.87
002,613,512,553,338,33.4582,S,70.6620,W,15,8,2020,15,12,3,,20.48,957.49,472.87
002,636,508,550,306,33.4582,S,70.6620,W,15,8,2020,15,15,45,0.00,20.39,957.43,473.42
002,653,559,583,275,33.4582,S,70.6620,W,15,8,2020,15,16,24,539.20,20.39,957.43,473.42
002,671,552,567,268,33.4582,S,70.6620,W,15,8,2020,15,17,3,,20.39,957.43,473.42
002,688,567,600,285,33.4581,S,70.6620,W,15,8,2020,15,20,45,0.00,20.15,957.47,473.01
002,688,563,606,312,33.4581,S,70.6620,W,15,8,2020,15,21,24,553.10,20.15,957.47,473.01
002,666,569,604,343,33.4581,S,70.6620,W,15,8,2020,15,22,3,,20.15,957.47,473.01
002,667,540,595,365,33.4582,S,70.6619,W,15,8,2020,15,25,45,0.00,20.61,957.43,473.40
002,662,521,590,309,33.4582,S,70.6619,W,15,8,2020,15,26,24,552.90,20.61,957.43,473.40
002,653,546,614,294,33.4582,S,70.6619,W,15,8,2020,15,27,3,,20.61,957.43,473.40
002,623,530,565,295,33.4582,S,70.6620,W,15,8,2020,15,30,45,0.00,20.97,957.42,473.47
002,638,527,564,276,33.4582,S,70.6620,W,15,8,2020,15,31,24,551.60,20.97,957.42,473.47
002,651,542,591,281,33.4582,S,70.6620,W,15,8,2020,15,32,3,,20.97,957.42,473.47
002,632,539,559,312,33.4581,S,70.6620,W,15,8,2020,15,35,45,0.00,21.36,957.37,473.93
002,604,501,547,317,33.4581,S,70.6620,W,15,8,2020,15,36,24,551.00,21.36,957.37,473.93
002,621,495,547,270,33.4581,S,70.6620,W,15,8,2020,15,37,3,,21.36,957.37,473.93
002,620,528,566,296,33.4582,S,70.6620,W,15,8,2020,15,40,45,0.00,21.78,957.24,475.06
002,592,486,563,249,33.4582,S,70.6620,W,15,8,2020,15,41,24,549.80,21.78,957.24,475.06
002,632,549,575,291,33.4582,S,70.6620,W,15,8,2020,15,42,3,,21.78,957.24,475.06
002,639,537,570,263,33.4582,S,70.6620,W,15,8,2020,15,45,45,0.00,21.98,957.28,474.71
002,664,550,590,263,33.4582,S,70.6620,W,15,8,2020,15,46,24,552.20,21.98,957.28,474.71
002,650,534,581,288,33.4582,S,70.6620,W,15,8,2020,15,47,3,,21.98,957.28,474.71
002,657,560,600,281,33.4581,S,70.6620,W,15,8,2020,15,50,45,0.00,22.24,957.28,474.68
002,655,564,603,323,33.4581,S,70.6620,W,15,8,2020,15,51,24,552.40,22.24,957.28,474.68
002,630,560,592,301,33.4581,S,70.6620,W,15,8,2020,15,52,3,,22.24,957.28,474.68
002,674,545,585,277,33.4581,S,70.6620,W,15,8,2020,15,55,45,0.00,22.39,957.30,474.56
002,651,537,588,364,33.4581,S,70.6620,W,15,8,2020,15,56,24,552.90,22.39,957.30,474.56
002,655,503,574,283,33.4581,S,70.6620,W,15,8,2020,15,57,3,,22.39,957.30,474.56
002,668,561,614,312,33.4582,S,70.6620,W,15,8,2020,16,0,45,0.00,21.90,957.14,475.94
002,656,590,621,309,33.4582,S,70.6620,W,15,8,2020,16,1,24,558.20,21.90,957.14,475.94
002,679,575,616,307,33.4582,S,70.6620,W,15,8,2020,16,2,3,558.20,21.90,957.14,475.94
002,676,573,608,310,33.4581,S,70.6620,W,15,8,2020,16,5,45,0.00,22.50,957.10,476.31
002,683,563,600,298,33.4581,S,70.6620,W,15,8,2020,16,6,24,556.50,22.50,957.10,476.31
002,656,525,598,302,33.4581,S,70.6620,W,15,8,2020,16,7,3,556.50,22.50,957.10,476.31
002,661,563,604,382,33.4582,S,70.6620,W,15,8,2020,16,10,45,0.00,22.49,957.03,476.87
002,675,555,605,271,33.4582,S,70.6620,W,15,8,2020,16,11,24,556.90,22.49,957.03,476.87
002,657,561,599,280,33.4582,S,70.6620,W,15,8,2020,16,12,3,,22.49,957.03,476.87
002,668,582,616,311,33.4581,S,70.6620,W,15,8,2020,16,15,45,0.00,22.75,956.93,477.78
002,688,584,603,297,33.4581,S,70.6620,W,15,8,2020,16,16,24,556.00,22.75,956.93,477.78
002,687,579,622,294,33.4581,S,70.6620,W,15,8,2020,16,17,3,,22.75,956.93,477.78
002,696,607,653,320,33.4582,S,70.6620,W,15,8,2020,16,20,45,0.00,22.33,956.84,478.54
002,721,601,649,369,33.4582,S,70.6620,W,15,8,2020,16,21,24,558.90,22.33,956.84,478.54
002,724,594,649,321,33.4582,S,70.6620,W,15,8,2020,16,22,3,,22.33,956.84,478.54
002,740,632,658,320,33.4581,S,70.6620,W,15,8,2020,16,25,45,0.00,23.75,956.68,479.93
002,716,630,670,343,33.4581,S,70.6620,W,15,8,2020,16,26,24,561.60,23.75,956.68,479.93
002,761,580,663,344,33.4581,S,70.6620,W,15,8,2020,16,27,3,,23.75,956.68,479.93
002,744,631,689,335,33.4581,S,70.6620,W,15,8,2020,16,30,45,0.00,23.66,956.62,480.45
002,760,639,679,336,33.4581,S,70.6620,W,15,8,2020,16,31,24,562.60,23.66,956.62,480.45
002,754,623,688,350,33.4581,S,70.6620,W,15,8,2020,16,32,3,,23.66,956.62,480.45
002,748,620,665,347,33.4581,S,70.6620,W,15,8,2020,16,35,45,0.00,23.38,956.62,480.47
002,747,650,683,335,33.4581,S,70.6620,W,15,8,2020,16,36,24,562.90,23.38,956.62,480.47
002,777,639,691,381,33.4581,S,70.6620,W,15,8,2020,16,37,3,,23.38,956.62,480.47
002,745,652,704,352,33.4581,S,70.6619,W,15,8,2020,16,40,45,0.00,24.28,956.55,481.03
002,756,683,699,369,33.4581,S,70.6619,W,15,8,2020,16,41,24,571.30,24.28,956.55,481.03
002,784,630,678,422,33.4581,S,70.6619,W,15,8,2020,16,42,3,,24.28,956.55,481.03
002,764,647,685,337,33.4581,S,70.6620,W,15,8,2020,16,45,45,0.00,24.99,956.46,481.84
002,740,622,684,339,33.4581,S,70.6620,W,15,8,2020,16,46,24,560.70,24.99,956.46,481.84
002,708,598,659,350,33.4581,S,70.6620,W,15,8,2020,16,47,3,,24.99,956.46,481.84
002,745,633,671,333,33.4581,S,70.6620,W,15,8,2020,16,50,45,0.00,25.25,956.45,481.91
002,703,600,672,357,33.4581,S,70.6620,W,15,8,2020,16,51,24,556.30,25.25,956.45,481.91
002,764,633,663,332,33.4581,S,70.6620,W,15,8,2020,16,52,3,,25.25,956.45,481.91
002,702,585,644,308,33.4581,S,70.6620,W,15,8,2020,16,55,45,0.00,23.70,956.28,483.43
002,718,596,646,346,33.4581,S,70.6620,W,15,8,2020,16,56,24,562.60,23.70,956.28,483.43
002,695,599,646,347,33.4581,S,70.6620,W,15,8,2020,16,57,3,,23.70,956.28,483.43
002,711,605,652,323,33.4581,S,70.6619,W,15,8,2020,17,0,45,0.00,23.86,956.11,484.93
002,724,655,657,355,33.4581,S,70.6619,W,15,8,2020,17,1,24,565.80,23.86,956.11,484.93
002,747,588,647,329,33.4581,S,70.6619,W,15,8,2020,17,2,3,565.80,23.86,956.11,484.93
002,768,610,683,348,33.4581,S,70.6620,W,15,8,2020,17,5,45,0.00,23.63,956.05,485.41
002,719,619,675,368,33.4581,S,70.6620,W,15,8,2020,17,6,24,559.80,23.63,956.05,485.41
002,743,603,669,327,33.4581,S,70.6620,W,15,8,2020,17,7,3,559.80,23.63,956.05,485.41
002,754,583,650,329,33.4581,S,70.6620,W,15,8,2020,17,10,45,0.00,24.04,956.05,485.42
002,715,613,663,341,33.4581,S,70.6620,W,15,8,2020,17,11,24,559.20,24.04,956.05,485.42
002,708,611,635,289,33.4581,S,70.6620,W,15,8,2020,17,12,3,,24.04,956.05,485.42
002,663,564,623,331,33.4582,S,70.6620,W,15,8,2020,17,15,45,0.00,24.16,955.91,486.61
002,710,597,639,316,33.4582,S,70.6620,W,15,8,2020,17,16,24,553.70,24.16,955.91,486.61
002,695,596,643,325,33.4582,S,70.6620,W,15,8,2020,17,17,3,,24.16,955.91,486.61
002,697,590,651,321,33.4582,S,70.6620,W,15,8,2020,17,20,45,0.00,24.25,955.94,486.40
002,707,607,643,339,33.4582,S,70.6620,W,15,8,2020,17,21,24,558.50,24.25,955.94,486.40
002,738,592,647,351,33.4582,S,70.6620,W,15,8,2020,17,22,3,,24.25,955.94,486.40
002,719,622,652,338,33.4582,S,70.6620,W,15,8,2020,17,25,45,0.00,24.17,955.76,487.96
002,736,591,647,315,33.4582,S,70.6620,W,15,8,2020,17,26,24,559.60,24.17,955.76,487.96
002,735,617,655,308,33.4582,S,70.6620,W,15,8,2020,17,27,3,,24.17,955.76,487.96
002,726,615,688,319,33.4582,S,70.6620,W,15,8,2020,17,30,45,0.00,24.56,955.66,488.80
002,781,623,654,343,33.4582,S,70.6620,W,15,8,2020,17,31,24,560.10,24.56,955.66,488.80
002,712,608,676,376,33.4582,S,70.6620,W,15,8,2020,17,32,3,,24.56,955.66,488.80
002,739,608,642,334,33.4582,S,70.6619,W,15,8,2020,17,35,45,563.50,24.70,955.49,490.35
002,702,614,645,334,33.4582,S,70.6619,W,15,8,2020,17,36,24,563.50,24.70,955.49,490.35
002,736,611,639,308,33.4582,S,70.6619,W,15,8,2020,17,37,3,,24.70,955.49,490.35
002,697,575,596,332,33.4582,S,70.6619,W,15,8,2020,17,40,45,0.00,24.95,955.42,490.91
002,692,577,619,308,33.4582,S,70.6619,W,15,8,2020,17,41,24,554.10,24.95,955.42,490.91
002,673,552,620,307,33.4582,S,70.6619,W,15,8,2020,17,42,3,,24.95,955.42,490.91
002,672,575,627,303,33.4582,S,70.6619,W,15,8,2020,17,45,45,0.00,24.74,955.45,490.70
002,691,559,615,306,33.4582,S,70.6619,W,15,8,2020,17,46,24,551.90,24.74,955.45,490.70
002,692,592,616,290,33.4582,S,70.6619,W,15,8,2020,17,47,3,,24.74,955.45,490.70
002,638,529,599,272,33.4582,S,70.6619,W,15,8,2020,17,50,45,0.00,24.30,955.36,491.44
002,636,523,591,291,33.4582,S,70.6619,W,15,8,2020,17,51,24,553.90,24.30,955.36,491.44
002,652,559,588,284,33.4582,S,70.6619,W,15,8,2020,17,52,3,,24.30,955.36,491.44
002,665,559,608,288,33.4582,S,70.6619,W,15,8,2020,17,55,45,0.00,22.97,955.29,492.03
002,652,563,611,339,33.4582,S,70.6619,W,15,8,2020,17,56,24,554.10,22.97,955.29,492.03
002,668,570,611,312,33.4582,S,70.6619,W,15,8,2020,17,57,3,,22.97,955.29,492.03
002,623,540,563,300,33.4582,S,70.6619,W,15,8,2020,18,0,45,556.90,23.71,955.25,492.45
002,661,563,584,312,33.4582,S,70.6619,W,15,8,2020,18,1,24,556.90,23.71,955.25,492.45
002,631,542,590,294,33.4582,S,70.6619,W,15,8,2020,18,2,3,,23.71,955.25,492.45
002,673,554,601,291,33.4582,S,70.6619,W,15,8,2020,18,5,45,561.10,24.45,955.13,493.45
002,660,555,594,309,33.4582,S,70.6619,W,15,8,2020,18,6,24,561.10,24.45,955.13,493.45
002,669,550,599,283,33.4582,S,70.6619,W,15,8,2020,18,7,3,,24.45,955.13,493.45
002,658,564,590,281,33.4581,S,70.6619,W,15,8,2020,18,10,45,552.00,24.47,955.18,493.00
002,659,552,543,288,33.4581,S,70.6619,W,15,8,2020,18,11,24,552.00,24.47,955.18,493.00
002,649,547,547,272,33.4581,S,70.6619,W,15,8,2020,18,12,3,,24.47,955.18,493.00
002,283,123,120,167,33.4582,S,70.6619,W,15,8,2020,18,15,45,550.50,23.19,954.99,494.71
002,203,330,246,175,33.4582,S,70.6619,W,15,8,2020,18,16,24,550.50,23.19,954.99,494.71
002,482,495,488,257,33.4582,S,70.6619,W,15,8,2020,18,17,3,,23.19,954.99,494.71
002,608,504,560,267,33.4582,S,70.6619,W,15,8,2020,18,20,45,549.80,23.53,954.90,495.48
002,547,525,578,286,33.4582,S,70.6619,W,15,8,2020,18,21,24,549.80,23.53,954.90,495.48
002,667,530,587,304,33.4582,S,70.6619,W,15,8,2020,18,22,3,,23.53,954.90,495.48
002,612,496,549,275,33.4582,S,70.6619,W,15,8,2020,18,25,45,0.00,24.59,955.00,494.62
002,585,488,536,277,33.4582,S,70.6619,W,15,8,2020,18,26,24,552.20,24.59,955.00,494.62
002,597,508,528,222,33.4582,S,70.6619,W,15,8,2020,18,27,3,,24.59,955.00,494.62
002,577,481,534,253,33.4582,S,70.6619,W,15,8,2020,18,30,45,0.00,24.16,954.94,495.09
002,583,489,519,236,33.4582,S,70.6619,W,15,8,2020,18,31,24,567.50,24.16,954.94,495.09
002,599,511,543,248,33.4582,S,70.6619,W,15,8,2020,18,32,3,,24.16,954.94,495.09
002,601,487,533,247,33.4582,S,70.6619,W,15,8,2020,18,35,45,552.40,24.82,954.96,494.96
002,587,508,544,252,33.4582,S,70.6619,W,15,8,2020,18,36,24,552.40,24.82,954.96,494.96
002,571,462,543,253,33.4582,S,70.6619,W,15,8,2020,18,37,3,,24.82,954.96,494.96
002,565,489,523,243,33.4582,S,70.6619,W,15,8,2020,18,40,45,0.00,24.61,954.93,495.23
002,580,384,522,250,33.4582,S,70.6619,W,15,8,2020,18,41,24,551.30,24.61,954.93,495.23
002,523,325,477,180,33.4582,S,70.6619,W,15,8,2020,18,42,3,,24.61,954.93,495.23
002,539,470,502,284,33.4582,S,70.6619,W,15,8,2020,18,45,45,549.60,24.09,954.91,495.39
002,553,464,499,245,33.4582,S,70.6619,W,15,8,2020,18,46,24,549.60,24.09,954.91,495.39
002,559,467,498,228,33.4582,S,70.6619,W,15,8,2020,18,47,3,,24.09,954.91,495.39
002,558,487,496,234,33.4582,S,70.6619,W,15,8,2020,18,50,45,0.00,23.21,954.86,495.83
002,568,476,523,227,33.4582,S,70.6619,W,15,8,2020,18,51,24,555.10,23.21,954.86,495.83
002,560,486,499,230,33.4582,S,70.6619,W,15,8,2020,18,52,3,,23.21,954.86,495.83
002,563,495,520,225,33.4582,S,70.6619,W,15,8,2020,18,55,45,556.40,23.22,954.86,495.81
002,575,476,524,235,33.4582,S,70.6619,W,15,8,2020,18,56,24,556.40,23.22,954.86,495.81
002,577,484,527,229,33.4582,S,70.6619,W,15,8,2020,18,57,3,,23.22,954.86,495.81
002,566,470,521,222,33.4582,S,70.6620,W,15,8,2020,19,0,45,0.00,23.88,954.87,495.70
002,537,469,492,232,33.4582,S,70.6620,W,15,8,2020,19,1,24,553.10,23.88,954.87,495.70
002,571,473,485,223,33.4582,S,70.6620,W,15,8,2020,19,2,3,553.10,23.88,954.87,495.70
002,582,480,519,210,33.4582,S,70.6620,W,15,8,2020,19,5,45,553.50,23.53,954.82,496.18
002,573,473,505,211,33.4582,S,70.6620,W,15,8,2020,19,6,24,553.50,23.53,954.82,496.18
002,542,404,419,197,33.4582,S,70.6620,W,15,8,2020,19,7,3,,23.53,954.82,496.18
002,449,244,386,193,33.4582,S,70.6620,W,15,8,2020,19,10,45,554.60,22.27,954.80,496.36
002,267,101,230,52,33.4582,S,70.6620,W,15,8,2020,19,11,24,554.60,22.27,954.80,496.36
002,93,9,71,8,33.4582,S,70.6620,W,15,8,2020,19,12,3,554.60,22.27,954.80,496.36
002,569,486,538,252,33.4582,S,70.6620,W,15,8,2020,19,15,45,550.20,22.27,954.75,496.78
002,566,496,520,270,33.4582,S,70.6620,W,15,8,2020,19,16,24,550.20,22.27,954.75,496.78
002,567,480,527,235,33.4582,S,70.6620,W,15,8,2020,19,17,3,,22.27,954.75,496.78
002,550,472,529,240,33.4582,S,70.6619,W,15,8,2020,19,20,45,0.00,23.50,954.74,496.87
002,581,488,513,241,33.4582,S,70.6619,W,15,8,2020,19,21,24,563.40,23.50,954.74,496.87
002,583,471,530,295,33.4582,S,70.6619,W,15,8,2020,19,22,3,,23.50,954.74,496.87
002,607,488,555,320,33.4582,S,70.6620,W,15,8,2020,19,25,45,547.50,23.42,954.69,497.27
002,588,478,540,294,33.4582,S,70.6620,W,15,8,2020,19,26,24,547.50,23.42,954.69,497.27
002,585,472,535,264,33.4582,S,70.6620,W,15,8,2020,19,27,3,,23.42,954.69,497.27
002,560,492,539,282,33.4582,S,70.6620,W,15,8,2020,19,30,45,546.70,24.36,954.70,497.21
002,556,464,527,250,33.4582,S,70.6620,W,15,8,2020,19,31,24,546.70,24.36,954.70,497.21
002,571,469,518,277,33.4582,S,70.6620,W,15,8,2020,19,32,3,,24.36,954.70,497.21
002,628,525,572,280,33.4582,S,70.6619,W,15,8,2020,19,35,45,0.00,24.16,954.69,497.33
002,628,529,579,287,33.4582,S,70.6619,W,15,8,2020,19,36,24,553.90,24.16,954.69,497.33
002,654,550,577,271,33.4582,S,70.6619,W,15,8,2020,19,37,3,,24.16,954.69,497.33
002,626,531,582,272,33.4582,S,70.6620,W,15,8,2020,19,40,45,0.00,23.49,954.63,497.85
002,638,547,575,281,33.4582,S,70.6620,W,15,8,2020,19,41,24,555.00,23.49,954.63,497.85
002,625,523,567,286,33.4582,S,70.6620,W,15,8,2020,19,42,3,,23.49,954.63,497.85
002,634,526,533,233,33.4582,S,70.6620,W,15,8,2020,19,45,45,0.00,23.25,954.56,498.47
002,647,521,564,313,33.4582,S,70.6620,W,15,8,2020,19,46,24,553.90,23.25,954.56,498.47
002,635,528,585,316,33.4582,S,70.6620,W,15,8,2020,19,47,3,,23.25,954.56,498.47
002,652,514,579,275,33.4582,S,70.6619,W,15,8,2020,19,50,45,0.00,22.40,954.54,498.59
002,665,540,577,326,33.4582,S,70.6619,W,15,8,2020,19,51,24,552.00,22.40,954.54,498.59
002,650,544,590,277,33.4582,S,70.6619,W,15,8,2020,19,52,3,,22.40,954.54,498.59
002,666,536,571,264,33.4582,S,70.6620,W,15,8,2020,19,55,45,0.00,22.11,954.56,498.45
002,644,505,579,296,33.4582,S,70.6620,W,15,8,2020,19,56,24,552.60,22.11,954.56,498.45
002,608,507,569,296,33.4582,S,70.6620,W,15,8,2020,19,57,3,,22.11,954.56,498.45
002,654,531,590,318,33.4582,S,70.6620,W,15,8,2020,20,0,45,554.20,22.28,954.54,498.58
002,638,540,582,275,33.4582,S,70.6620,W,15,8,2020,20,1,24,554.20,22.28,954.54,498.58
002,646,551,583,286,33.4582,S,70.6620,W,15,8,2020,20,2,3,,22.28,954.54,498.58
002,623,549,601,305,33.4582,S,70.6619,W,15,8,2020,20,5,45,547.20,22.03,954.60,498.11
002,636,563,583,276,33.4582,S,70.6619,W,15,8,2020,20,6,24,547.20,22.03,954.60,498.11
002,654,533,579,281,33.4582,S,70.6619,W,15,8,2020,20,7,3,,22.03,954.60,498.11
002,628,535,573,267,33.4582,S,70.6620,W,15,8,2020,20,10,45,552.40,21.84,954.60,498.11
002,644,528,568,286,33.4582,S,70.6620,W,15,8,2020,20,11,24,552.40,21.84,954.60,498.11
002,613,522,520,251,33.4582,S,70.6620,W,15,8,2020,20,12,3,,21.84,954.60,498.11
002,622,524,556,252,33.4582,S,70.6619,W,15,8,2020,20,15,45,551.70,21.66,954.58,498.25
002,604,486,550,263,33.4582,S,70.6619,W,15,8,2020,20,16,24,551.70,21.66,954.58,498.25
002,632,511,560,240,33.4582,S,70.6619,W,15,8,2020,20,17,3,,21.66,954.58,498.25
