003,908,740,875,714,33.5566,S,70.5995,W,5,6,2020,15,47,55,0.00,19.14,948.96,547.49
003,906,728,892,728,33.5566,S,70.5995,W,5,6,2020,15,48,34,632.70,19.14,948.96,547.49
003,953,702,895,732,33.5566,S,70.5995,W,5,6,2020,15,49,13,,19.14,948.96,547.49
003,934,736,879,716,33.5566,S,70.5995,W,5,6,2020,15,54,21,630.50,23.24,948.57,550.91
003,955,743,887,705,33.5566,S,70.5995,W,5,6,2020,15,55,0,630.50,23.24,948.57,550.91
003,974,707,906,748,33.5566,S,70.5995,W,5,6,2020,15,55,39,,23.24,948.57,550.91
003,1015,762,937,775,33.5566,S,70.5995,W,5,6,2020,16,0,42,0.00,24.90,948.68,549.97
003,1024,768,947,760,33.5566,S,70.5995,W,5,6,2020,16,1,21,631.50,24.90,948.68,549.97
003,1015,808,961,768,33.5566,S,70.5995,W,5,6,2020,16,2,0,,24.90,948.68,549.97
003,4095,4095,4095,4095,33.5566,S,70.5995,W,5,6,2020,16,7,7,638.20,25.40,948.53,551.24
003,0,0,0,0,33.5566,S,70.5995,W,5,6,2020,16,7,8,638.20,25.40,948.53,551.24
003,0,0,0,0,33.5566,S,70.5995,W,5,6,2020,16,7,9,638.20,25.40,948.53,551.24
003,984,747,924,643,33.5566,S,70.5995,W,5,6,2020,16,40,42,635.30,28.62,947.95,556.39
003,952,756,915,720,33.5566,S,70.5995,W,5,6,2020,16,41,21,635.30,28.62,947.95,556.39
003,983,732,912,704,33.5566,S,70.5995,W,5,6,2020,16,42,0,,28.62,947.95,556.39
003,1016,787,948,775,33.5566,S,70.5995,W,5,6,2020,16,45,42,630.90,28.68,947.87,557.08
003,1027,783,958,704,33.5566,S,70.5995,W,5,6,2020,16,46,21,630.90,28.68,947.87,557.08
003,1004,800,960,776,33.5566,S,70.5995,W,5,6,2020,16,47,0,,28.68,947.87,557.08
003,1063,819,995,787,33.5566,S,70.5995,W,5,6,2020,16,50,42,632.30,28.45,947.67,558.79
003,1078,830,999,827,33.5566,S,70.5995,W,5,6,2020,16,51,21,632.30,28.45,947.67,558.79
003,1078,832,1008,822,33.5566,S,70.5995,W,5,6,2020,16,52,0,,28.45,947.67,558.79
003,960,809,975,832,33.5566,S,70.5995,W,5,6,2020,17,0,24,0.00,27.79,947.74,558.23
003,5,5,5,5,33.5566,S,70.5995,W,5,6,2020,17,1,3,636.30,27.79,947.74,558.23
003,5,5,5,5,33.5566,S,70.5995,W,5,6,2020,17,1,42,636.30,27.79,947.74,558.23
003,4095,4095,4095,4095,33.5566,S,70.5995,W,10,6,2020,20,19,17,636.90,17.78,943.92,591.87
003,248,183,235,152,33.5566,S,70.5995,W,10,6,2020,20,19,56,635.70,17.78,943.92,591.87
003,176,151,198,153,33.5566,S,70.5995,W,10,6,2020,20,20,35,,17.78,943.92,591.87
003,207,148,195,132,33.5566,S,70.5995,W,10,6,2020,20,24,11,633.90,19.40,943.51,595.48
003,201,146,192,134,33.5566,S,70.5995,W,10,6,2020,20,24,50,633.90,19.40,943.51,595.48
003,168,115,185,132,33.5566,S,70.5995,W,10,6,2020,20,25,29,,19.40,943.51,595.48
003,4,4,4,4,33.5566,S,70.5995,W,10,6,2020,20,43,55,634.60,19.61,944.00,591.15
003,0,0,0,0,33.5566,S,70.5995,W,10,6,2020,20,43,56,634.60,19.61,944.00,591.15
003,0,0,0,0,33.5566,S,70.5995,W,10,6,2020,20,43,57,634.60,19.61,944.00,591.15
003,6,6,5,5,,,11,6,2020,16,36,4,0.00,16.88,947.78,557.84
003,6,6,6,6,,,11,6,2020,16,36,43,0.00,16.88,947.78,557.84
003,6,5,5,5,,,11,6,2020,16,37,23,0.00,16.88,947.78,557.84
003,4,4,4,4,,,11,6,2020,16,47,8,0.00,16.24,947.79,557.76
003,0,0,0,0,,,11,6,2020,16,47,9,0.00,16.24,947.79,557.76
003,0,0,0,0,,,11,6,2020,16,47,10,0.00,16.24,947.79,557.76
003,4,4,4,4,,,11,6,2020,16,52,8,0.00,16.28,947.87,557.02
003,0,0,0,0,,,11,6,2020,16,52,9,0.00,16.28,947.87,557.02
003,0,0,0,0,,,11,6,2020,16,52,10,0.00,16.28,947.87,557.02
003,6,6,5,5,,,11,6,2020,16,55,42,0.00,16.34,947.80,557.67
003,6,6,5,5,,,11,6,2020,16,56,22,0.00,16.34,947.80,557.67
003,5,6,5,5,,,11,6,2020,16,57,1,0.00,16.34,947.80,557.67
003,6,6,6,6,,,11,6,2020,17,0,43,0.00,16.45,947.67,558.78
003,6,5,5,5,,,11,6,2020,17,1,22,0.00,16.45,947.67,558.78
003,5,5,5,5,,,11,6,2020,17,2,1,0.00,16.45,947.67,558.78
003,5,5,5,5,33.5567,S,70.5998,W,11,6,2020,17,5,42,0.00,16.55,947.71,558.48
003,5,5,5,5,33.5567,S,70.5999,W,11,6,2020,17,6,22,666.00,16.55,947.71,558.48
003,5,5,5,5,33.5567,S,70.5999,W,11,6,2020,17,7,1,666.00,16.55,947.71,558.48
003,6,5,6,5,33.5567,S,70.5997,W,11,6,2020,17,10,42,627.60,16.61,947.59,559.48
003,6,6,5,5,33.5567,S,70.5997,W,11,6,2020,17,11,21,662.30,16.61,947.59,559.48
003,6,6,6,5,33.5568,S,70.5998,W,11,6,2020,17,12,0,660.00,16.61,947.59,559.48
003,1377,1164,1326,1079,33.5566,S,70.5995,W,13,6,2020,16,8,58,0.00,26.52,947.97,
003,1204,1055,1258,1061,33.5566,S,70.5995,W,13,6,2020,16,9,37,638.00,26.52,947.97,
003,1368,1045,1270,1048,33.5566,S,70.5995,W,13,6,2020,16,10,16,,26.52,947.97,
003,1279,927,1290,1077,33.5566,S,70.5995,W,13,6,2020,16,13,47,634.50,26.89,947.46,
003,1380,1088,1312,1084,33.5566,S,70.5995,W,13,6,2020,16,14,26,634.50,26.89,947.46,
003,1149,931,1283,1081,33.5566,S,70.5995,W,13,6,2020,16,15,5,,26.89,947.46,
003,1353,1059,1283,1059,33.5566,S,70.5995,W,13,6,2020,16,30,42,632.80,27.29,,
003,1359,1076,1281,1057,33.5566,S,70.5995,W,13,6,2020,16,31,21,632.80,27.29,,
003,1356,1073,1278,1043,33.5566,S,70.5995,W,13,6,2020,16,32,0,,27.29,,
003,1377,1044,1289,1068,33.5567,S,70.5995,W,13,6,2020,16,35,42,631.70,27.53,,
003,1388,1075,1295,1075,33.5567,S,70.5995,W,13,6,2020,16,36,21,631.70,27.53,,
003,1384,1074,1300,1056,33.5567,S,70.5995,W,13,6,2020,16,37,0,,27.53,,
003,4095,4095,4095,4095,33.5566,S,70.5995,W,0,0,2000,16,42,7,631.50,26.72,947.01,564.65
003,0,0,0,0,33.5566,S,70.5995,W,13,6,2020,16,42,8,631.50,26.72,947.01,564.65
003,0,0,0,0,33.5566,S,70.5995,W,13,6,2020,16,42,9,631.50,26.72,947.01,564.65
003,4095,4095,4095,4095,33.5566,S,70.5995,W,0,0,2000,16,47,7,636.80,26.59,946.83,566.20
003,0,0,0,0,33.5566,S,70.5995,W,13,6,2020,16,47,8,636.80,26.59,946.83,566.20
003,0,0,0,0,33.5566,S,70.5995,W,13,6,2020,16,47,9,636.80,26.59,946.83,566.20
003,4095,4095,4095,4095,33.5566,S,70.5995,W,13,6,2020,19,50,20,627.00,,,
003,0,0,0,0,33.5566,S,70.5995,W,13,6,2020,19,50,21,627.00,,,
003,0,0,0,0,33.5566,S,70.5995,W,13,6,2020,19,50,22,,,,
003,4095,4095,4095,4095,33.5566,S,70.5995,W,13,6,2020,20,7,8,641.20,,,
003,0,0,0,0,33.5566,S,70.5995,W,13,6,2020,20,7,9,641.20,,,
003,0,0,0,0,33.5566,S,70.5995,W,13,6,2020,20,7,10,641.20,,,
003,469,360,440,360,33.5566,S,70.5995,W,13,6,2020,20,10,43,641.20, NAN, NAN, NAN
003,463,363,437,366,33.5566,S,70.5995,W,13,6,2020,20,11,22,641.20, NAN, NAN, NAN
003,452,372,444,364,33.5566,S,70.5995,W,13,6,2020,20,12,1,, NAN, NAN, NAN
003,440,339,417,321,33.5566,S,70.5995,W,13,6,2020,20,15,34,642.40,25.74,944.97,582.59
003,432,338,413,327,33.5566,S,70.5995,W,13,6,2020,20,16,13,642.40,25.74,944.97,582.59
003,435,335,403,327,33.5566,S,70.5995,W,13,6,2020,20,16,52,,25.74,944.97,582.59
003,4095,4095,4095,4095,33.5566,S,70.5995,W,13,6,2020,20,22,8,639.20,25.24,945.04,581.92
003,0,0,0,0,33.5566,S,70.5995,W,13,6,2020,20,22,9,639.20,25.24,945.04,581.92
003,0,0,0,0,33.5566,S,70.5995,W,13,6,2020,20,22,10,,25.24,945.04,581.92
003,4095,4095,4095,4095,33.5566,S,70.5995,W,13,6,2020,20,27,8,638.60,24.42,945.14,581.07
003,0,0,0,0,33.5566,S,70.5995,W,13,6,2020,20,27,9,638.60,24.42,945.14,581.07
003,0,0,0,0,33.5566,S,70.5995,W,13,6,2020,20,27,10,,24.42,945.14,581.07
003,4095,4095,4095,4095,33.5566,S,70.5995,W,13,6,2020,20,32,8,640.70,24.07,945.12,581.26
003,0,0,0,0,33.5566,S,70.5995,W,13,6,2020,20,32,9,640.70,24.07,945.12,581.26
003,0,0,0,0,33.5566,S,70.5995,W,13,6,2020,20,32,10,,24.07,945.12,581.26
003,4095,4095,4095,4095,33.5566,S,70.5995,W,13,6,2020,20,37,8,639.90,23.47,945.23,580.26
003,0,0,0,0,33.5566,S,70.5995,W,13,6,2020,20,37,9,639.90,23.47,945.23,580.26
003,0,0,0,0,33.5566,S,70.5995,W,13,6,2020,20,37,10,,23.47,945.23,580.26
003,4095,4095,4095,4095,33.5566,S,70.5995,W,13,6,2020,20,42,8,639.40,23.17,945.18,580.69
003,0,0,0,0,33.5566,S,70.5995,W,13,6,2020,20,42,9,639.40,23.17,945.18,580.69
003,0,0,0,0,33.5566,S,70.5995,W,13,6,2020,20,42,10,,23.17,945.18,580.69
003,4095,4095,4095,4095,33.5566,S,70.5995,W,13,6,2020,20,47,8,641.40,23.08,945.09,581.53
003,0,0,0,0,33.5566,S,70.5995,W,13,6,2020,20,47,9,641.40,23.08,945.09,581.53
003,0,0,0,0,33.5566,S,70.5995,W,13,6,2020,20,47,10,,23.08,945.09,581.53
003,4095,4095,4095,4095,33.5566,S,70.5995,W,13,6,2020,20,52,8,637.10,22.95,945.13,581.13
003,0,0,0,0,33.5566,S,70.5995,W,13,6,2020,20,52,9,637.10,22.95,945.13,581.13
003,0,0,0,0,33.5566,S,70.5995,W,13,6,2020,20,52,10,,22.95,945.13,581.13
003,5,5,5,4,33.5566,S,70.5995,W,14,6,2020,12,30,43,633.90, NAN, NAN, NAN
003,4,3,3,3,33.5566,S,70.5995,W,14,6,2020,12,31,22,634.10, NAN, NAN, NAN
003,4,3,4,3,33.5566,S,70.5995,W,14,6,2020,12,32,1,634.10, NAN, NAN, NAN
003,282,225,280,199,33.5566,S,70.5995,W,14,6,2020,12,35,43,635.00,7.05,939.53,630.65
003,297,221,277,226,33.5566,S,70.5995,W,14,6,2020,12,36,22,635.00,7.05,939.53,630.65
003,309,239,292,228,33.5566,S,70.5995,W,14,6,2020,12,37,1,,7.05,939.53,630.65
003,335,258,324,263,33.5566,S,70.5995,W,14,6,2020,12,40,43,633.90, NAN, NAN, NAN
003,281,255,332,267,33.5566,S,70.5995,W,14,6,2020,12,41,22,633.90, NAN, NAN, NAN
003,323,276,337,275,33.5566,S,70.5995,W,14,6,2020,12,42,1,, NAN, NAN, NAN
003,411,321,391,304,33.5566,S,70.5995,W,14,6,2020,12,45,43,632.70,11.39,938.81,636.98
003,414,312,391,312,33.5566,S,70.5995,W,14,6,2020,12,46,22,632.70,11.39,938.81,636.98
003,418,321,403,320,33.5566,S,70.5995,W,14,6,2020,12,47,1,,11.39,938.81,636.98
003,469,368,445,359,33.5566,S,70.5994,W,14,6,2020,12,50,43,631.40,13.10,938.75,637.50
003,481,368,451,366,33.5566,S,70.5994,W,14,6,2020,12,51,22,631.40,13.10,938.75,637.50
003,483,367,457,370,33.5566,S,70.5994,W,14,6,2020,12,52,1,,13.10,938.75,637.50
003,510,397,480,392,33.5566,S,70.5995,W,14,6,2020,12,55,43,628.20,14.84,938.75,637.50
003,507,409,500,388,33.5566,S,70.5995,W,14,6,2020,12,56,22,628.20,14.84,938.75,637.50
003,543,398,506,415,33.5566,S,70.5995,W,14,6,2020,12,57,1,,14.84,938.75,637.50
003,4095,4095,4095,4095,33.5566,S,70.5995,W,0,0,2000,13,2,8,632.70,16.25,938.83,636.85
003,0,0,0,0,33.5566,S,70.5995,W,14,6,2020,13,2,10,632.70,16.25,938.83,636.85
003,0,0,0,0,33.5566,S,70.5995,W,14,6,2020,13,2,11,632.70,16.25,938.83,636.85
003,4095,4095,4095,4095,33.5566,S,70.5995,W,0,0,2000,13,7,8,631.60,16.51,939.11,634.32
003,0,0,0,0,33.5566,S,70.5995,W,14,6,2020,13,7,10,631.60,16.51,939.11,634.32
003,0,0,0,0,33.5566,S,70.5995,W,14,6,2020,13,7,11,631.60,16.51,939.11,634.32
003,4095,4095,4095,4095,33.5566,S,70.5995,W,0,0,2000,13,12,8,632.20,,,
003,0,0,0,0,33.5566,S,70.5995,W,14,6,2020,13,12,10,632.20,,,
003,0,0,0,0,33.5566,S,70.5995,W,14,6,2020,13,12,11,,,,
003,726,551,683,554,33.5566,S,70.5995,W,14,6,2020,13,15,43,631.70,18.42,939.08,634.63
003,723,569,688,563,33.5566,S,70.5995,W,14,6,2020,13,16,22,631.70,18.42,939.08,634.63
003,734,574,693,560,33.5566,S,70.5995,W,14,6,2020,13,17,1,,18.42,939.08,634.63
003,775,589,730,562,33.5566,S,70.5995,W,14,6,2020,13,20,43,630.60,20.04,938.97,635.58
003,783,603,729,595,33.5566,S,70.5995,W,14,6,2020,13,21,22,630.60,20.04,938.97,635.58
003,790,608,739,600,33.5566,S,70.5995,W,14,6,2020,13,22,1,,20.04,938.97,635.58
003,823,624,772,639,33.5566,S,70.5994,W,14,6,2020,13,25,43,633.50,21.75,938.86,636.55
003,774,638,763,635,33.5566,S,70.5994,W,14,6,2020,13,26,22,633.50,21.75,938.86,636.55
003,758,633,741,640,33.5566,S,70.5994,W,14,6,2020,13,27,1,,21.75,938.86,636.55
003,847,658,807,662,33.5566,S,70.5995,W,14,6,2020,13,30,43,630.50,22.68,939.00,635.30
003,868,646,812,667,33.5566,S,70.5995,W,14,6,2020,13,31,22,630.50,22.68,939.00,635.30
003,879,668,814,676,33.5566,S,70.5995,W,14,6,2020,13,32,1,,22.68,939.00,635.30
003,896,702,853,681,33.5566,S,70.5994,W,14,6,2020,13,35,43,633.70,23.13,939.14,634.06
003,912,696,852,703,33.5566,S,70.5994,W,14,6,2020,13,36,22,633.70,23.13,939.14,634.06
003,883,708,855,716,33.5566,S,70.5994,W,14,6,2020,13,37,1,,23.13,939.14,634.06
003,4095,4095,4095,4095,33.5566,S,70.5995,W,14,6,2020,13,42,9,632.60,,,
003,0,0,0,0,33.5566,S,70.5995,W,14,6,2020,13,42,10,632.60,,,
003,0,0,0,0,33.5566,S,70.5995,W,14,6,2020,13,42,11,,,,
003,945,652,899,742,33.5566,S,70.5995,W,14,6,2020,13,45,43,631.90,23.80,939.31,632.61
003,984,748,919,743,33.5566,S,70.5995,W,14,6,2020,13,46,22,631.90,23.80,939.31,632.61
003,984,736,907,758,33.5566,S,70.5995,W,14,6,2020,13,47,1,,23.80,939.31,632.61
003,4095,4095,4095,4095,33.5566,S,70.5995,W,14,6,2020,13,52,9,629.80,,,
003,0,0,0,0,33.5566,S,70.5995,W,14,6,2020,13,52,10,629.80,,,
003,0,0,0,0,33.5566,S,70.5995,W,14,6,2020,13,52,11,,,,
003,4095,4095,4095,4095,33.5566,S,70.5994,W,14,6,2020,13,57,9,631.00,,,
003,0,0,0,0,33.5566,S,70.5994,W,14,6,2020,13,57,10,631.00,,,
003,0,0,0,0,33.5566,S,70.5994,W,14,6,2020,13,57,11,,,,
003,4095,4095,4095,4095,33.5566,S,70.5994,W,14,6,2020,14,2,9,632.30,,,
003,0,0,0,0,33.5566,S,70.5994,W,14,6,2020,14,2,10,632.30,,,
003,0,0,0,0,33.5566,S,70.5994,W,14,6,2020,14,2,11,632.30,,,
003,1057,840,1039,831,33.5566,S,70.5995,W,14,6,2020,14,5,43,630.30,25.05,939.31,632.56
003,1031,791,1026,858,33.5566,S,70.5995,W,14,6,2020,14,6,22,630.30,25.05,939.31,632.56
003,1110,796,1020,856,33.5566,S,70.5995,W,14,6,2020,14,7,1,,25.05,939.31,632.56
003,1036,889,1073,880,33.5566,S,70.5994,W,14,6,2020,14,15,43,630.50,25.36,939.35,
003,1163,902,1086,873,33.5566,S,70.5994,W,14,6,2020,14,16,22,630.50,25.36,939.35,
003,1104,903,1080,899,33.5566,S,70.5994,W,14,6,2020,14,17,1,,25.36,939.35,
003,1087,907,1091,923,33.5566,S,70.5995,W,14,6,2020,14,20,43,630.00,25.29,939.34,632.29
003,993,897,1092,852,33.5566,S,70.5995,W,14,6,2020,14,21,22,630.00,25.29,939.34,632.29
003,786,848,1100,920,33.5566,S,70.5995,W,14,6,2020,14,22,1,,25.29,939.34,632.29
003,4095,4095,4095,4095,33.5566,S,70.5994,W,14,6,2020,14,27,9,624.80, NAN, NAN, NAN
003,0,0,0,0,33.5566,S,70.5994,W,14,6,2020,14,27,10,624.80, NAN, NAN, NAN
003,0,0,0,0,33.5566,S,70.5994,W,14,6,2020,14,27,11,, NAN, NAN, NAN
003,1116,883,1145,791,33.5566,S,70.5995,W,14,6,2020,14,30,43,627.20,27.22,939.05,
003,1239,936,1153,939,33.5566,S,70.5995,W,14,6,2020,14,31,22,627.20,27.22,939.05,
003,1123,763,1152,897,33.5566,S,70.5995,W,14,6,2020,14,32,1,,27.22,939.05,
003,4095,4095,4095,4095,33.5566,S,70.5995,W,14,6,2020,14,42,9,637.40,28.18,939.07,634.68
003,0,0,0,0,33.5566,S,70.5995,W,14,6,2020,14,42,10,637.40,28.18,939.07,634.68
003,0,0,0,0,33.5566,S,70.5995,W,14,6,2020,14,42,11,,28.18,939.07,634.68
003,4095,4095,4095,4095,33.5566,S,70.5995,W,14,6,2020,14,52,9,627.40,29.60,938.95,635.73
003,0,0,0,0,33.5566,S,70.5995,W,14,6,2020,14,52,10,627.40,29.60,938.95,635.73
003,0,0,0,0,33.5566,S,70.5995,W,14,6,2020,14,52,11,,29.60,938.95,635.73
003,4095,4095,4095,4095,33.5566,S,70.5995,W,14,6,2020,14,57,9,628.20,,,
003,0,0,0,0,33.5566,S,70.5995,W,14,6,2020,14,57,10,628.20,,,
003,0,0,0,0,33.5566,S,70.5995,W,14,6,2020,14,57,11,,,,
003,4095,4095,4095,4095,33.5566,S,70.5995,W,14,6,2020,15,2,9,629.10,,,
003,0,0,0,0,33.5566,S,70.5995,W,14,6,2020,15,2,10,629.10,,,
003,0,0,0,0,33.5566,S,70.5995,W,14,6,2020,15,2,11,629.10,,,
003,1304,1015,1264,1028,33.5566,S,70.5995,W,14,6,2020,15,15,43,629.90,30.09,939.17,
003,1361,1017,1270,884,33.5566,S,70.5995,W,14,6,2020,15,16,22,629.90,30.09,939.17,
003,1372,1055,1287,1062,33.5566,S,70.5995,W,14,6,2020,15,17,1,,30.09,939.17,
003,1239,967,1255,888,33.5566,S,70.5995,W,14,6,2020,15,20,43,627.80,29.66,939.35,
003,1376,1071,1275,1023,33.5566,S,70.5995,W,14,6,2020,15,21,22,627.80,29.66,939.35,
003,1390,1063,1304,1039,33.5566,S,70.5995,W,14,6,2020,15,22,1,,29.66,939.35,
003,1384,1078,1304,1048,33.5566,S,70.5995,W,14,6,2020,15,25,43,626.00,29.31,,
003,1398,1087,1310,1072,33.5566,S,70.5995,W,14,6,2020,15,26,22,626.00,29.31,,
003,1400,1089,1296,1023,33.5566,S,70.5995,W,14,6,2020,15,27,1,,29.31,,
003,4095,4095,4095,4095,33.5566,S,70.5995,W,14,6,2020,15,37,9,628.80,28.92,939.50,630.92
003,0,0,0,0,33.5566,S,70.5995,W,14,6,2020,15,37,10,628.80,28.92,939.50,630.92
003,0,0,0,0,33.5566,S,70.5995,W,14,6,2020,15,37,11,,28.92,939.50,630.92
003,1382,1075,1294,1079,33.5566,S,70.5995,W,14,6,2020,15,40,43,632.30,29.47,939.38,
003,980,913,1224,984,33.5566,S,70.5995,W,14,6,2020,15,41,22,632.30,29.47,939.38,
003,1230,1031,1273,1054,33.5566,S,70.5995,W,14,6,2020,15,42,1,,29.47,939.38,
003,1376,1089,1312,1070,33.5566,S,70.5995,W,14,6,2020,15,45,43,630.80,29.68,,
003,1392,1091,1304,1063,33.5566,S,70.5995,W,14,6,2020,15,46,22,630.80,29.68,,
003,1388,1079,1295,1048,33.5566,S,70.5995,W,14,6,2020,15,47,1,,29.68,,
003,1374,960,1289,968,33.5566,S,70.5995,W,14,6,2020,15,50,43,634.90,30.28,939.42,
003,1392,1080,1302,1076,33.5566,S,70.5995,W,14,6,2020,15,51,22,634.90,30.28,939.42,
003,1385,911,1295,1091,33.5566,S,70.5995,W,14,6,2020,15,52,1,,30.28,939.42,
003,1408,1099,1319,1088,33.5566,S,70.5995,W,14,6,2020,15,55,43,628.90,30.24,939.48,
003,1411,992,1300,1091,33.5566,S,70.5995,W,14,6,2020,15,56,22,628.90,30.24,939.48,
003,1424,1111,1324,1086,33.5566,S,70.5995,W,14,6,2020,15,57,1,,30.24,939.48,
003,1383,1115,1328,1080,33.5566,S,70.5995,W,14,6,2020,16,5,43,630.00,31.01,939.36,
003,1415,995,1315,1103,33.5566,S,70.5995,W,14,6,2020,16,6,22,630.00,31.01,939.36,
003,1408,1103,1315,1078,33.5566,S,70.5995,W,14,6,2020,16,7,1,,31.01,939.36,
003,1423,1087,1343,1039,33.5566,S,70.5995,W,14,6,2020,16,10,43,629.40,31.77,,
003,1195,1080,1276,1119,33.5566,S,70.5995,W,14,6,2020,16,11,22,629.40,31.77,,
003,1295,1103,1328,1071,33.5566,S,70.5995,W,14,6,2020,16,12,1,,31.77,,
003,1388,1108,1343,1111,33.5566,S,70.5994,W,14,6,2020,16,15,43,632.90,32.26,939.28,
003,1119,739,1324,1024,33.5566,S,70.5994,W,14,6,2020,16,16,22,632.90,32.26,939.28,
003,1368,932,1335,1020,33.5566,S,70.5994,W,14,6,2020,16,17,1,,32.26,939.28,
003,1400,958,1319,920,33.5566,S,70.5995,W,14,6,2020,16,20,43,629.90,32.46,939.32,
003,1408,1055,1328,1086,33.5566,S,70.5995,W,14,6,2020,16,21,22,629.90,32.46,939.32,
003,1431,1048,1327,999,33.5566,S,70.5995,W,14,6,2020,16,22,1,,32.46,939.32,
003,1432,1086,1351,1076,33.5566,S,70.5995,W,14,6,2020,16,25,43,631.40,32.43,,
003,1448,1108,1351,1115,33.5566,S,70.5995,W,14,6,2020,16,26,22,631.40,32.43,,
003,1451,1047,1336,1120,33.5566,S,70.5995,W,14,6,2020,16,27,1,,32.43,,
003,4095,4095,4095,4095,33.5566,S,70.5995,W,14,6,2020,16,32,9,0.00,32.28,939.38,631.96
003,0,0,0,0,33.5566,S,70.5995,W,14,6,2020,16,32,10,627.80,32.28,939.38,631.96
003,0,0,0,0,33.5566,S,70.5995,W,14,6,2020,16,32,11,,32.28,939.38,631.96
003,4095,4095,4095,4095,33.5566,S,70.5995,W,14,6,2020,16,37,9,0.00,32.23,939.39,631.83
003,0,0,0,0,33.5566,S,70.5995,W,14,6,2020,16,37,10,633.10,32.23,939.39,631.83
003,0,0,0,0,33.5566,S,70.5995,W,14,6,2020,16,37,11,,32.23,939.39,631.83
003,4095,4095,4095,4095,33.5566,S,70.5995,W,14,6,2020,16,47,9,0.00,33.65,939.21,633.44
003,0,0,0,0,33.5566,S,70.5995,W,14,6,2020,16,47,10,635.40,33.65,939.21,633.44
003,0,0,0,0,33.5566,S,70.5995,W,14,6,2020,16,47,11,,33.65,939.21,633.44
003,1448,1039,1347,1023,33.5566,S,70.5995,W,14,6,2020,16,50,43,636.70,33.53,,
003,1372,1103,1351,1118,33.5566,S,70.5995,W,14,6,2020,16,51,22,636.70,33.53,,
003,1456,1136,1360,1134,33.5566,S,70.5995,W,14,6,2020,16,52,1,,33.53,,
003,1408,1132,1372,1079,33.5566,S,70.5995,W,14,6,2020,16,55,43,634.80,34.15,939.13,
003,1375,1116,1368,952,33.5566,S,70.5995,W,14,6,2020,16,56,22,634.80,34.15,939.13,
003,1384,1100,1351,1134,33.5566,S,70.5995,W,14,6,2020,16,57,1,,34.15,939.13,
003,1087,880,1345,975,33.5566,S,70.5995,W,14,6,2020,17,0,43,629.20,34.49,939.17,
003,1423,1112,1367,1100,33.5566,S,70.5995,W,14,6,2020,17,1,22,629.20,34.49,939.17,
003,1439,1116,1359,1120,33.5566,S,70.5995,W,14,6,2020,17,2,1,,34.49,939.17,
003,1419,1103,1319,1105,33.5567,S,70.5995,W,14,6,2020,17,5,43,631.70,34.38,939.24,
003,1336,1112,1327,1103,33.5567,S,70.5995,W,14,6,2020,17,6,22,631.70,34.38,939.24,
003,1295,1119,1326,1099,33.5567,S,70.5995,W,14,6,2020,17,7,1,,34.38,939.24,
003,1400,1075,1320,1103,33.5566,S,70.5995,W,14,6,2020,17,10,43,629.10,34.41,,
003,1376,1103,1319,1100,33.5566,S,70.5995,W,14,6,2020,17,11,22,629.10,34.41,,
003,1424,1059,1336,1047,33.5566,S,70.5995,W,14,6,2020,17,12,1,,34.41,,
003,975,872,1303,969,33.5566,S,70.5995,W,14,6,2020,17,20,43,630.90,34.91,939.05,
003,1416,1035,1312,991,33.5566,S,70.5995,W,14,6,2020,17,21,22,630.90,34.91,939.05,
003,1427,1103,1329,1095,33.5566,S,70.5995,W,14,6,2020,17,22,1,,34.91,939.05,
003,1408,1015,1310,1055,33.5566,S,70.5995,W,14,6,2020,17,25,43,632.20,34.58,,
003,1408,1100,1311,1094,33.5566,S,70.5995,W,14,6,2020,17,26,22,632.20,34.58,,
003,1363,1103,1311,1080,33.5566,S,70.5995,W,14,6,2020,17,27,1,,34.58,,
003,1419,1103,1328,1100,33.5566,S,70.5995,W,14,6,2020,17,30,43,638.30,35.05,,
003,1409,1076,1335,1080,33.5566,S,70.5995,W,14,6,2020,17,31,22,638.30,35.05,,
003,1343,1111,1327,1087,33.5566,S,70.5995,W,14,6,2020,17,32,1,,35.05,,
003,1344,1091,1319,1087,33.5566,S,70.5995,W,14,6,2020,17,45,43,630.70,34.72,,
003,1287,1087,1297,1087,33.5566,S,70.5995,W,14,6,2020,17,46,22,630.70,34.72,,
003,1167,1087,1287,1088,33.5566,S,70.5995,W,14,6,2020,17,47,1,,34.72,,
003,1344,1047,1279,1071,33.5566,S,70.5995,W,14,6,2020,18,0,43,631.90,34.75,938.86,
003,1360,1084,1299,1064,33.5566,S,70.5995,W,14,6,2020,18,1,22,631.90,34.75,938.86,
003,1392,1087,1295,1087,33.5566,S,70.5995,W,14,6,2020,18,2,1,,34.75,938.86,
003,1303,927,1264,1027,33.5566,S,70.5995,W,14,6,2020,18,15,43,630.90,35.36,938.66,
003,1343,1023,1263,992,33.5566,S,70.5995,W,14,6,2020,18,16,22,630.90,35.36,938.66,
003,1343,1023,1248,1023,33.5566,S,70.5995,W,14,6,2020,18,17,1,,35.36,938.66,
003,1344,1000,1256,1023,33.5566,S,70.5995,W,14,6,2020,18,20,43,626.20,35.65,,
003,1344,1051,1264,1039,33.5566,S,70.5995,W,14,6,2020,18,21,22,626.20,35.65,,
003,1343,1047,1264,1023,33.5566,S,70.5995,W,14,6,2020,18,22,1,,35.65,,
003,1287,968,1215,999,33.5566,S,70.5995,W,14,6,2020,18,30,43,630.30,35.70,938.54,
003,1295,1008,1208,1004,33.5566,S,70.5995,W,14,6,2020,18,31,22,630.30,35.70,938.54,
003,1280,975,1199,995,33.5566,S,70.5995,W,14,6,2020,18,32,1,,35.70,938.54,
003,1263,976,1191,984,33.5566,S,70.5995,W,14,6,2020,18,40,43,632.10,35.32,938.63,
003,1167,771,1160,851,33.5566,S,70.5995,W,14,6,2020,18,41,22,632.10,35.32,938.63,
003,1167,975,1151,960,33.5566,S,70.5995,W,14,6,2020,18,42,1,,35.32,938.63,
003,1199,919,1120,917,33.5566,S,70.5995,W,14,6,2020,18,50,43,625.20,34.41,938.73,
003,1183,807,1120,832,33.5566,S,70.5995,W,14,6,2020,18,51,22,625.20,34.41,938.73,
003,1088,864,1104,832,33.5566,S,70.5995,W,14,6,2020,18,52,1,,34.41,938.73,
003,1084,911,1103,920,33.5566,S,70.5994,W,14,6,2020,18,55,43,626.30,33.02,938.90,
003,1183,880,1119,915,33.5566,S,70.5994,W,14,6,2020,18,56,22,626.30,33.02,938.90,
003,1151,851,1064,911,33.5566,S,70.5994,W,14,6,2020,18,57,1,,33.02,938.90,
003,1119,871,1051,862,33.5566,S,70.5995,W,14,6,2020,19,0,43,631.40,32.62,938.82,636.92
003,1111,865,1031,847,33.5566,S,70.5995,W,14,6,2020,19,1,22,631.40,32.62,938.82,636.92
003,895,673,1039,671,33.5566,S,70.5995,W,14,6,2020,19,2,1,,32.62,938.82,636.92
003,1120,863,1051,860,33.5566,S,70.5995,W,14,6,2020,19,5,43,630.00,32.03,938.91,636.15
003,1103,872,1039,864,33.5566,S,70.5995,W,14,6,2020,19,6,22,630.00,32.03,938.91,636.15
003,1087,860,1024,848,33.5566,S,70.5995,W,14,6,2020,19,7,1,,32.03,938.91,636.15
003,960,815,967,823,33.5566,S,70.5995,W,14,6,2020,19,10,43,629.90,32.24,938.84,636.77
003,1000,824,960,815,33.5566,S,70.5995,W,14,6,2020,19,11,22,629.90,32.24,938.84,636.77
003,1023,820,976,815,33.5566,S,70.5995,W,14,6,2020,19,12,1,,32.24,938.84,636.77
003,919,736,865,711,33.5566,S,70.5995,W,14,6,2020,19,15,43,618.50,32.09,938.92,635.98
003,959,671,892,728,33.5566,S,70.5995,W,14,6,2020,19,16,22,618.50,32.09,938.92,635.98
003,707,720,895,735,33.5566,S,70.5995,W,14,6,2020,19,17,1,,32.09,938.92,635.98
003,826,704,888,735,33.5566,S,70.5995,W,14,6,2020,19,20,43,630.00,31.64,938.91,636.07
003,912,727,864,735,33.5566,S,70.5995,W,14,6,2020,19,21,22,630.00,31.64,938.91,636.07
003,912,735,880,727,33.5566,S,70.5995,W,14,6,2020,19,22,1,,31.64,938.91,636.07
003,936,711,887,731,33.5566,S,70.5995,W,14,6,2020,19,30,43,635.10,31.63,938.94,635.85
003,923,720,880,728,33.5566,S,70.5995,W,14,6,2020,19,31,22,635.10,31.63,938.94,635.85
003,875,696,835,663,33.5566,S,70.5995,W,14,6,2020,19,32,1,,31.63,938.94,635.85
003,831,579,779,663,33.5566,S,70.5995,W,14,6,2020,19,35,43,637.20, NAN, NAN, NAN
003,847,648,799,632,33.5566,S,70.5995,W,14,6,2020,19,36,22,637.20, NAN, NAN, NAN
003,830,639,791,636,33.5566,S,70.5995,W,14,6,2020,19,37,1,, NAN, NAN, NAN
003,4095,4095,4095,4095,33.5566,S,70.5995,W,14,6,2020,19,42,9,0.00,30.31,939.16,633.87
003,0,0,0,0,33.5566,S,70.5995,W,14,6,2020,19,42,10,637.80,30.31,939.16,633.87
003,0,0,0,0,33.5566,S,70.5995,W,14,6,2020,19,42,11,,30.31,939.16,633.87
003,775,607,723,607,33.5566,S,70.5995,W,14,6,2020,19,45,43,631.70,29.62,939.30,632.67
003,775,606,728,597,33.5566,S,70.5995,W,14,6,2020,19,46,22,631.70,29.62,939.30,632.67
003,767,608,732,591,33.5566,S,70.5995,W,14,6,2020,19,47,1,,29.62,939.30,632.67
003,4095,4095,4095,4095,33.5566,S,70.5995,W,14,6,2020,20,42,9,0.00,26.11,940.17,624.97
003,0,0,0,0,33.5566,S,70.5995,W,14,6,2020,20,42,10,643.30,26.11,940.17,624.97
003,0,0,0,0,33.5566,S,70.5995,W,14,6,2020,20,42,11,,26.11,940.17,624.97
003,287,227,276,221,33.5566,S,70.5995,W,14,6,2020,20,45,43,637.70,25.66,940.23,624.43
003,288,230,276,222,33.5566,S,70.5995,W,14,6,2020,20,46,22,637.70,25.66,940.23,624.43
003,274,209,271,217,33.5566,S,70.5995,W,14,6,2020,20,47,1,,25.66,940.23,624.43
003,0,0,0,0,,,0,0,2000,0,0,0,0.00,,,
003,0,0,0,0,,,0,0,2000,0,0,0,0.00,,,
003,4095,4095,4095,4095,,,0,0,2000,0,0,0,0.00,,,
003,0,0,0,0,,,0,0,2000,0,0,0,0.00,,,
003,0,0,0,0,,,0,0,2000,0,0,0,0.00,,,
003,928,716,860,715,,,0,0,2000,0,0,0,0.00,,,
003,944,732,879,728,,,0,0,2000,0,0,0,0.00,,,
003,928,735,872,713,,,0,0,2000,0,0,0,0.00,,,
003,967,728,879,736,,,0,0,2000,0,0,0,0.00,,,
003,960,720,894,748,,,0,0,2000,0,0,0,0.00,,,
003,921,743,867,719,,,0,0,2000,0,0,0,0.00,,,
003,961,740,886,724,,,0,0,2000,0,0,0,0.00,,,
003,935,710,867,718,,,0,0,2000,0,0,0,0.00,,,
003,908,699,855,700,,,0,0,2000,0,0,0,0.00,,,
003,990,768,921,760,,,0,0,2000,0,0,0,0.00,23.26,946.10,572.59
003,979,763,911,763,,,0,0,2000,0,0,0,0.00,23.26,946.10,572.59
003,975,767,907,755,,,0,0,2000,0,0,0,0.00,23.26,946.10,572.59
003,4095,4095,4095,4095,,,0,0,2000,0,0,0,0.00,,,
003,0,0,0,0,,,0,0,2000,0,0,0,0.00,,,
003,0,0,0,0,,,0,0,2000,0,0,0,0.00,,,
003,961,747,899,753,,,0,0,2000,0,0,0,0.00,,,
003,945,723,880,742,,,0,0,2000,0,0,0,0.00,,,
003,907,615,879,732,,,0,0,2000,0,0,0,0.00,,,
003,976,800,944,800,,,0,0,2000,0,0,0,0.00,,,
003,992,767,927,750,,,0,0,2000,0,0,0,0.00,,,
003,976,751,899,760,,,0,0,2000,0,0,0,0.00,,,
003,4095,4095,4095,4095,,,0,0,2000,0,0,0,0.00,,,
003,0,0,0,0,,,0,0,2000,0,0,0,0.00,,,
003,0,0,0,0,,,0,0,2000,0,0,0,0.00,,,
003,4095,4095,4095,4095,,,0,0,2000,0,0,0,0.00,,,
003,0,0,0,0,,,0,0,2000,0,0,0,0.00,,,
003,0,0,0,0,,,0,0,2000,0,0,0,0.00,,,
003,896,687,828,672,,,0,0,2000,0,0,0,0.00,,,
003,927,726,883,727,,,0,0,2000,0,0,0,0.00,,,
003,988,767,919,760,,,0,0,2000,0,0,0,0.00,,,
003,944,752,896,736,,,0,0,2000,0,0,0,0.00,,,
003,975,753,904,716,,,0,0,2000,0,0,0,0.00,,,
003,1020,783,952,795,,,0,0,2000,0,0,0,0.00,,,
003,979,756,910,739,,,0,0,2000,0,0,0,0.00,,,
003,975,760,909,756,,,0,0,2000,0,0,0,0.00,,,
003,975,743,902,748,,,0,0,2000,0,0,0,0.00,,,
003,841,657,783,656,,,0,0,2000,0,0,0,0.00,,,
003,799,608,740,624,,,0,0,2000,0,0,0,0.00,,,
003,790,611,734,607,,,0,0,2000,0,0,0,0.00,,,
003,4095,4095,4095,4095,,,0,0,2000,0,0,0,0.00,,,
003,0,0,0,0,,,0,0,2000,0,0,0,0.00,,,
003,0,0,0,0,,,0,0,2000,0,0,0,0.00,,,
003,915,719,880,705,,,0,0,2000,0,0,0,0.00, NAN, NAN, NAN
003,860,665,809,668,,,0,0,2000,0,0,0,0.00, NAN, NAN, NAN
003,831,640,788,656,,,0,0,2000,0,0,0,0.00, NAN, NAN, NAN
003,855,663,796,663,,,0,0,2000,0,0,0,0.00,24.26,945.71,576.04
003,863,657,803,667,,,0,0,2000,0,0,0,0.00,24.26,945.71,576.04
003,766,592,711,583,,,0,0,2000,0,0,0,0.00,24.26,945.71,576.04
003,795,599,736,603,,,0,0,2000,0,0,0,0.00,,,
003,751,553,696,508,,,0,0,2000,0,0,0,0.00,,,
003,687,586,715,590,,,0,0,2000,0,0,0,0.00,,,
003,895,696,839,695,,,0,0,2000,0,0,0,0.00,,,
003,847,692,820,673,,,0,0,2000,0,0,0,0.00,,,
003,844,647,780,647,,,0,0,2000,0,0,0,0.00,,,
003,730,548,673,549,,,0,0,2000,0,0,0,0.00,24.31,945.63,576.77
003,659,552,679,563,,,0,0,2000,0,0,0,0.00,24.31,945.63,576.77
003,752,587,708,575,,,0,0,2000,0,0,0,0.00,24.31,945.63,576.77
003,708,568,675,543,,,0,0,2000,0,0,0,0.00,25.18,945.29,579.80
003,748,575,677,575,,,0,0,2000,0,0,0,0.00,25.18,945.29,579.80
003,790,588,736,583,,,0,0,2000,0,0,0,0.00,25.18,945.29,579.80
003,908,703,856,711,,,0,0,2000,0,0,0,0.00,,,
003,912,708,856,713,,,0,0,2000,0,0,0,0.00,,,
003,880,719,859,719,,,0,0,2000,0,0,0,0.00,,,
003,879,680,816,686,,,0,0,2000,0,0,0,0.00,,,
003,875,627,816,603,,,0,0,2000,0,0,0,0.00,,,
003,787,554,839,692,,,0,0,2000,0,0,0,0.00,,,
003,963,744,895,740,,,0,0,2000,0,0,0,0.00,,,
003,960,741,896,748,,,0,0,2000,0,0,0,0.00,,,
003,952,736,879,728,,,0,0,2000,0,0,0,0.00,,,
003,4095,4095,4095,4095,,,0,0,2000,0,0,0,0.00,,,
003,0,0,0,0,,,0,0,2000,0,0,0,0.00,,,
003,0,0,0,0,,,0,0,2000,0,0,0,0.00,,,
003,4095,4095,4095,4095,,,0,0,2000,0,0,0,0.00,,,
003,0,0,0,0,,,0,0,2000,0,0,0,0.00,,,
003,0,0,0,0,,,0,0,2000,0,0,0,0.00,,,
003,944,711,880,735,,,0,0,2000,0,0,0,0.00,,,
003,948,707,888,728,,,0,0,2000,0,0,0,0.00,,,
003,967,743,903,732,,,0,0,2000,0,0,0,0.00,,,
003,923,712,859,704,,,0,0,2000,0,0,0,0.00,,,
003,928,711,855,704,,,0,0,2000,0,0,0,0.00,,,
003,903,703,847,704,,,0,0,2000,0,0,0,0.00,,,
003,1024,817,982,815,,,0,0,2000,0,0,0,0.00,,,
003,1057,819,988,816,,,0,0,2000,0,0,0,0.00,,,
003,1039,815,964,817,,,0,0,2000,0,0,0,0.00,,,
003,4095,4095,4095,4095,,,0,0,2000,0,0,0,0.00,,,
003,0,0,0,0,,,0,0,2000,0,0,0,0.00,,,
003,0,0,0,0,,,0,0,2000,0,0,0,0.00,,,
003,903,752,908,756,,,0,0,2000,0,0,0,0.00,,,
003,967,748,903,748,,,0,0,2000,0,0,0,0.00,,,
003,960,759,903,730,,,0,0,2000,0,0,0,0.00,,,
003,766,689,835,696,,,0,0,2000,0,0,0,0.00,,,
003,865,707,843,703,,,0,0,2000,0,0,0,0.00,,,
003,894,699,846,672,,,0,0,2000,0,0,0,0.00,,,
003,971,750,896,739,,,0,0,2000,0,0,0,0.00,,,
003,979,750,904,752,,,0,0,2000,0,0,0,0.00,,,
003,976,771,905,756,,,0,0,2000,0,0,0,0.00,,,
003,984,760,911,759,,,0,0,2000,0,0,0,0.00,,,
003,963,760,911,766,,,0,0,2000,0,0,0,0.00,,,
003,991,769,915,768,,,0,0,2000,0,0,0,0.00,,,
003,4095,4095,4095,4095,,,0,0,2000,0,0,0,0.00,,,
003,0,0,0,0,,,0,0,2000,0,0,0,0.00,,,
003,0,0,0,0,,,0,0,2000,0,0,0,0.00,,,
003,4095,4095,4095,4095,,,0,0,2000,0,0,0,0.00,,,
003,0,0,0,0,,,0,0,2000,0,0,0,0.00,,,
003,0,0,0,0,,,0,0,2000,0,0,0,0.00,,,
003,999,767,928,769,,,0,0,2000,0,0,0,0.00,,,
003,1000,776,927,771,,,0,0,2000,0,0,0,0.00,,,
003,969,773,924,779,,,0,0,2000,0,0,0,0.00,,,
003,1016,791,952,768,,,0,0,2000,0,0,0,0.00,,,
003,1016,791,951,783,,,0,0,2000,0,0,0,0.00,,,
003,1022,799,943,783,,,0,0,2000,0,0,0,0.00,,,
003,1023,780,952,752,,,0,0,2000,0,0,0,0.00,,,
003,1008,796,952,800,,,0,0,2000,0,0,0,0.00,,,
003,1025,808,964,800,,,0,0,2000,0,0,0,0.00,,,
003,4095,4095,4095,4095,,,0,0,2000,0,0,0,0.00,,,
003,0,0,0,0,,,0,0,2000,0,0,0,0.00,,,
003,0,0,0,0,,,0,0,2000,0,0,0,0.00,,,
003,971,753,911,759,,,0,0,2000,0,0,0,0.00,,,
003,971,729,899,744,,,0,0,2000,0,0,0,0.00,,,
003,932,743,888,724,,,0,0,2000,0,0,0,0.00,,,
003,988,767,944,762,,,0,0,2000,0,0,0,0.00,,,
003,1025,771,947,783,,,0,0,2000,0,0,0,0.00,,,
003,1008,760,940,779,,,0,0,2000,0,0,0,0.00,,,
003,963,748,903,743,,,0,0,2000,0,0,0,0.00,,,
003,963,752,903,744,,,0,0,2000,0,0,0,0.00,,,
003,968,755,903,742,,,0,0,2000,0,0,0,0.00,,,
003,947,720,880,724,,,0,0,2000,0,0,0,0.00,,,
003,884,728,867,727,,,0,0,2000,0,0,0,0.00,,,
003,944,716,868,720,,,0,0,2000,0,0,0,0.00,,,
003,940,730,867,720,,,0,0,2000,0,0,0,0.00,,,
003,943,728,875,728,,,0,0,2000,0,0,0,0.00,,,
003,959,736,887,735,,,0,0,2000,0,0,0,0.00,,,
003,4095,4095,4095,4095,,,0,0,2000,0,0,0,0.00,,,
003,0,0,0,0,,,0,0,2000,0,0,0,0.00,,,
003,0,0,0,0,,,0,0,2000,0,0,0,0.00,,,
003,952,745,888,739,,,0,0,2000,0,0,0,0.00,,,
003,928,723,887,736,,,0,0,2000,0,0,0,0.00,,,
003,958,736,886,732,,,0,0,2000,0,0,0,0.00,,,
003,927,696,851,695,,,0,0,2000,0,0,0,0.00,,,
003,916,691,856,703,,,0,0,2000,0,0,0,0.00,,,
003,899,687,847,688,,,0,0,2000,0,0,0,0.00,,,
003,863,663,795,672,,,0,0,2000,0,0,0,0.00,,,
003,871,672,815,671,,,0,0,2000,0,0,0,0.00,,,
003,867,680,815,675,,,0,0,2000,0,0,0,0.00,,,
003,4095,4095,4095,4095,,,0,0,2000,0,0,0,0.00,,,
003,0,0,0,0,,,0,0,2000,0,0,0,0.00,,,
003,0,0,0,0,,,0,0,2000,0,0,0,0.00,,,
003,903,655,828,673,,,0,0,2000,0,0,0,0.00,,,
003,872,656,800,680,,,0,0,2000,0,0,0,0.00,,,
003,864,675,803,623,,,0,0,2000,0,0,0,0.00,,,
003,839,641,773,639,,,0,0,2000,0,0,0,0.00,,,
003,833,641,775,640,,,0,0,2000,0,0,0,0.00,,,
003,831,655,779,651,,,0,0,2000,0,0,0,0.00,,,
003,4095,4095,4095,4095,,,0,0,2000,0,0,0,0.00,,,
003,0,0,0,0,,,0,0,2000,0,0,0,0.00,,,
003,0,0,0,0,,,0,0,2000,0,0,0,0.00,,,
003,731,559,683,559,,,0,0,2000,0,0,0,0.00,,,
003,727,564,671,564,,,0,0,2000,0,0,0,0.00,,,
003,712,551,661,543,,,0,0,2000,0,0,0,0.00,,,
003,699,533,643,527,,,0,0,2000,0,0,0,0.00, NAN, NAN, NAN
003,704,525,641,523,,,0,0,2000,0,0,0,0.00, NAN, NAN, NAN
003,703,549,655,511,,,0,0,2000,0,0,0,0.00, NAN, NAN, NAN
003,679,519,630,511,,,0,0,2000,0,0,0,0.00,,,
003,659,510,609,497,,,0,0,2000,0,0,0,0.00,,,
003,651,482,607,480,,,0,0,2000,0,0,0,0.00,,,
003,651,512,615,495,,,0,0,2000,0,0,0,0.00,,,
003,623,476,599,495,,,0,0,2000,0,0,0,0.00,,,
003,639,496,599,492,,,0,0,2000,0,0,0,0.00,,,
003,567,427,525,430,,,0,0,2000,0,0,0,0.00,,,
003,543,423,523,415,,,0,0,2000,0,0,0,0.00,,,
003,543,419,511,424,,,0,0,2000,0,0,0,0.00,,,
003,511,374,475,374,,,0,0,2000,0,0,0,0.00,,,
003,471,391,469,325,,,0,0,2000,0,0,0,0.00,,,
003,484,323,447,375,,,0,0,2000,0,0,0,0.00,,,
003,463,357,432,353,,,0,0,2000,0,0,0,0.00,,,
003,448,351,422,343,,,0,0,2000,0,0,0,0.00,,,
003,440,327,407,320,,,0,0,2000,0,0,0,0.00,,,
003,346,276,327,262,,,0,0,2000,0,0,0,0.00,21.75,944.13,590.02
003,344,264,321,255,,,0,0,2000,0,0,0,0.00,21.75,944.13,590.02
003,351,267,317,255,,,0,0,2000,0,0,0,0.00,21.75,944.13,590.02
003,317,240,292,238,,,0,0,2000,0,0,0,0.00,,,
003,297,227,288,230,,,0,0,2000,0,0,0,0.00,,,
003,299,230,283,226,,,0,0,2000,0,0,0,0.00,,,
003,4095,4095,4095,4095,,,0,0,2000,0,0,0,0.00,,,
003,0,0,0,0,,,0,0,2000,0,0,0,0.00,,,
003,0,0,0,0,,,0,0,2000,0,0,0,0.00,,,
003,226,171,208,165,,,0,0,2000,0,0,0,0.00,,,
003,223,168,200,165,,,0,0,2000,0,0,0,0.00,,,
003,212,166,196,160,,,0,0,2000,0,0,0,0.00,,,
003,175,130,166,135,,,0,0,2000,0,0,0,0.00,,,
003,175,127,159,127,,,0,0,2000,0,0,0,0.00,,,
003,167,129,154,124,,,0,0,2000,0,0,0,0.00,,,
003,138,107,130,103,,,0,0,2000,0,0,0,0.00,,,
003,135,102,128,96,,,0,0,2000,0,0,0,0.00,,,
003,129,101,122,92,,,0,0,2000,0,0,0,0.00,,,
003,101,79,96,72,,,0,0,2000,0,0,0,0.00,,,
003,96,71,91,71,,,0,0,2000,0,0,0,0.00,,,
003,89,70,88,66,,,0,0,2000,0,0,0,0.00,,,
003,74,55,69,60,,,0,0,2000,0,0,0,0.00,,,
003,71,52,66,58,,,0,0,2000,0,0,0,0.00,,,
003,65,44,64,55,,,0,0,2000,0,0,0,0.00,,,
