004,483,730,686,262,,,0,0,2000,0,0,0,0.00,25.26,945.37,579.04
004,491,743,682,275,,,0,0,2000,0,0,0,0.00,25.26,945.37,579.04
004,495,748,688,281,,,0,0,2000,0,0,0,0.00,25.26,945.37,579.04
004,496,742,696,280,,,0,0,2000,0,0,0,0.00,23.63,945.38,578.98
004,490,743,684,272,,,0,0,2000,0,0,0,0.00,23.63,945.38,578.98
004,480,732,659,266,,,0,0,2000,0,0,0,0.00,23.63,945.38,578.98
004,482,734,651,283,,,0,0,2000,0,0,0,0.00,23.64,945.30,579.65
004,485,681,673,275,,,0,0,2000,0,0,0,0.00,23.64,945.30,579.65
004,483,692,649,242,,,0,0,2000,0,0,0,0.00,23.64,945.30,579.65
004,525,783,718,283,,,0,0,2000,0,0,0,0.00,24.04,945.26,580.04
004,515,774,708,272,,,0,0,2000,0,0,0,0.00,24.04,945.26,580.04
004,512,769,706,292,,,0,0,2000,0,0,0,0.00,24.04,945.26,580.04
004,529,788,720,292,,,0,0,2000,0,0,0,0.00,24.07,945.23,580.25
004,523,795,728,286,,,0,0,2000,0,0,0,0.00,24.07,945.23,580.25
004,535,807,734,299,,,0,0,2000,0,0,0,0.00,24.07,945.23,580.25
004,515,765,717,296,,,0,0,2000,0,0,0,0.00,25.02,945.17,580.80
004,499,765,696,295,,,0,0,2000,0,0,0,0.00,25.02,945.17,580.80
004,498,747,683,280,,,0,0,2000,0,0,0,0.00,25.02,945.17,580.80
004,535,812,752,298,,,0,0,2000,0,0,0,0.00,25.11,945.09,581.53
004,530,790,726,296,,,0,0,2000,0,0,0,0.00,25.11,945.09,581.53
004,518,780,719,295,,,0,0,2000,0,0,0,0.00,25.11,945.09,581.53
004,503,777,718,280,,,0,0,2000,0,0,0,0.00,25.16,945.06,581.76
004,500,760,703,283,,,0,0,2000,0,0,0,0.00,25.16,945.06,581.76
004,470,695,679,265,,,0,0,2000,0,0,0,0.00,25.16,945.06,581.76
004,466,708,647,239,,,0,0,2000,0,0,0,0.00,25.38,944.95,582.72
004,478,729,660,242,,,0,0,2000,0,0,0,0.00,25.38,944.95,582.72
004,474,724,668,251,,,0,0,2000,0,0,0,0.00,25.38,944.95,582.72
004,465,711,647,259,,,0,0,2000,0,0,0,0.00,25.09,945.06,581.78
004,504,756,685,251,,,0,0,2000,0,0,0,0.00,25.09,945.06,581.78
004,515,779,715,273,,,0,0,2000,0,0,0,0.00,25.09,945.06,581.78
004,500,747,694,264,,,0,0,2000,0,0,0,0.00,24.82,945.02,582.17
004,515,757,705,277,,,0,0,2000,0,0,0,0.00,24.82,945.02,582.17
004,527,790,732,295,,,0,0,2000,0,0,0,0.00,24.82,945.02,582.17
004,511,780,711,283,,,0,0,2000,0,0,0,0.00,25.21,944.85,583.62
004,515,769,705,270,,,0,0,2000,0,0,0,0.00,25.21,944.85,583.62
004,515,771,711,294,,,0,0,2000,0,0,0,0.00,25.21,944.85,583.62
004,449,673,622,239,,,0,0,2000,0,0,0,0.00,25.14,944.82,583.89
004,421,632,576,202,,,0,0,2000,0,0,0,0.00,25.14,944.82,583.89
004,417,633,572,224,,,0,0,2000,0,0,0,0.00,25.14,944.82,583.89
004,483,731,669,281,,,0,0,2000,0,0,0,0.00,24.85,944.80,584.11
004,501,755,688,271,,,0,0,2000,0,0,0,0.00,24.85,944.80,584.11
004,497,755,689,275,,,0,0,2000,0,0,0,0.00,24.85,944.80,584.11
004,475,707,690,272,,,0,0,2000,0,0,0,0.00,24.91,944.73,584.68
004,447,679,622,235,,,0,0,2000,0,0,0,0.00,24.91,944.73,584.68
004,448,667,607,226,,,0,0,2000,0,0,0,0.00,24.91,944.73,584.68
004,445,676,620,241,,,0,0,2000,0,0,0,0.00,24.73,944.75,584.52
004,450,678,611,224,,,0,0,2000,0,0,0,0.00,24.73,944.75,584.52
004,404,612,551,214,,,0,0,2000,0,0,0,0.00,24.73,944.75,584.52
004,409,616,575,198,,,0,0,2000,0,0,0,0.00,24.32,944.68,585.10
004,396,583,539,201,,,0,0,2000,0,0,0,0.00,24.32,944.68,585.10
004,391,593,550,194,,,0,0,2000,0,0,0,0.00,24.32,944.68,585.10
004,479,713,659,245,,,0,0,2000,0,0,0,0.00,24.43,944.69,585.08
004,470,702,644,268,,,0,0,2000,0,0,0,0.00,24.43,944.69,585.08
004,448,678,616,228,,,0,0,2000,0,0,0,0.00,24.43,944.69,585.08
004,387,582,531,203,,,0,0,2000,0,0,0,0.00,24.62,944.77,584.34
004,393,596,532,197,,,0,0,2000,0,0,0,0.00,24.62,944.77,584.34
004,403,601,551,195,,,0,0,2000,0,0,0,0.00,24.62,944.77,584.34
004,417,623,575,215,,,0,0,2000,0,0,0,0.00,25.29,944.60,585.86
004,405,607,558,220,,,0,0,2000,0,0,0,0.00,25.29,944.60,585.86
004,396,613,549,196,,,0,0,2000,0,0,0,0.00,25.29,944.60,585.86
004,392,580,529,198,,,0,0,2000,0,0,0,0.00,25.15,944.46,587.03
004,392,588,538,211,,,0,0,2000,0,0,0,0.00,25.15,944.46,587.03
004,403,615,572,207,,,0,0,2000,0,0,0,0.00,25.15,944.46,587.03
004,480,730,660,269,,,0,0,2000,0,0,0,0.00,25.42,944.36,587.99
004,484,726,665,252,,,0,0,2000,0,0,0,0.00,25.42,944.36,587.99
004,484,730,671,251,,,0,0,2000,0,0,0,0.00,25.42,944.36,587.99
004,467,683,635,248,,,0,0,2000,0,0,0,0.00,25.60,944.25,588.94
004,465,698,632,257,,,0,0,2000,0,0,0,0.00,25.60,944.25,588.94
004,477,719,664,240,,,0,0,2000,0,0,0,0.00,25.60,944.25,588.94
004,500,755,693,257,,,0,0,2000,0,0,0,0.00,26.27,944.22,589.16
004,501,756,686,260,,,0,0,2000,0,0,0,0.00,26.27,944.22,589.16
004,491,739,673,248,,,0,0,2000,0,0,0,0.00,26.27,944.22,589.16
004,470,699,644,239,,,0,0,2000,0,0,0,0.00,26.98,944.19,589.44
004,489,722,659,262,,,0,0,2000,0,0,0,0.00,26.98,944.19,589.44
004,484,712,662,273,,,0,0,2000,0,0,0,0.00,26.98,944.19,589.44
004,477,712,665,255,,,0,0,2000,0,0,0,0.00,25.88,944.11,590.19
004,487,734,668,262,,,0,0,2000,0,0,0,0.00,25.88,944.11,590.19
004,495,737,676,255,,,0,0,2000,0,0,0,0.00,25.88,944.11,590.19
004,489,743,670,284,,,0,0,2000,0,0,0,0.00,25.02,944.04,590.77
004,478,735,668,285,,,0,0,2000,0,0,0,0.00,25.02,944.04,590.77
004,490,753,655,277,,,0,0,2000,0,0,0,0.00,25.02,944.04,590.77
004,487,716,656,243,,,0,0,2000,0,0,0,0.00,25.41,943.98,591.30
004,480,721,656,258,,,0,0,2000,0,0,0,0.00,25.41,943.98,591.30
004,476,713,652,244,,,0,0,2000,0,0,0,0.00,25.41,943.98,591.30
004,548,824,754,294,,,0,0,2000,0,0,0,0.00,26.55,943.90,592.03
004,551,823,764,300,,,0,0,2000,0,0,0,0.00,26.55,943.90,592.03
004,542,817,760,311,,,0,0,2000,0,0,0,0.00,26.55,943.90,592.03
004,524,776,716,292,,,0,0,2000,0,0,0,0.00,26.34,943.82,592.72
004,524,787,713,271,,,0,0,2000,0,0,0,0.00,26.34,943.82,592.72
004,508,767,703,270,,,0,0,2000,0,0,0,0.00,26.34,943.82,592.72
004,515,758,700,259,,,0,0,2000,0,0,0,0.00,27.16,943.74,593.45
004,509,753,697,253,,,0,0,2000,0,0,0,0.00,27.16,943.74,593.45
004,515,769,704,250,,,0,0,2000,0,0,0,0.00,27.16,943.74,593.45
004,475,708,654,258,,,0,0,2000,0,0,0,0.00,26.69,943.80,592.88
004,463,706,651,260,,,0,0,2000,0,0,0,0.00,26.69,943.80,592.88
004,475,712,644,240,,,0,0,2000,0,0,0,0.00,26.69,943.80,592.88
004,504,748,691,285,,,0,0,2000,0,0,0,0.00,26.72,943.71,593.67
004,512,760,704,273,,,0,0,2000,0,0,0,0.00,26.72,943.71,593.67
004,515,768,711,291,,,0,0,2000,0,0,0,0.00,26.72,943.71,593.67
004,514,764,709,274,,,0,0,2000,0,0,0,0.00,26.32,943.65,594.23
004,516,775,712,279,,,0,0,2000,0,0,0,0.00,26.32,943.65,594.23
004,512,771,710,275,,,0,0,2000,0,0,0,0.00,26.32,943.65,594.23
004,520,782,713,275,,,0,0,2000,0,0,0,0.00,25.55,943.55,595.14
004,527,785,716,274,,,0,0,2000,0,0,0,0.00,25.55,943.55,595.14
004,521,779,718,295,,,0,0,2000,0,0,0,0.00,25.55,943.55,595.14
004,518,766,712,277,,,0,0,2000,0,0,0,0.00,26.87,943.45,595.94
004,508,775,710,269,,,0,0,2000,0,0,0,0.00,26.87,943.45,595.94
004,527,787,720,278,,,0,0,2000,0,0,0,0.00,26.87,943.45,595.94
004,521,778,718,273,,,0,0,2000,0,0,0,0.00,25.66,943.31,597.18
004,519,791,719,289,,,0,0,2000,0,0,0,0.00,25.66,943.31,597.18
004,533,788,716,315,,,0,0,2000,0,0,0,0.00,25.66,943.31,597.18
004,515,781,601,296,,,0,0,2000,0,0,0,0.00,26.32,943.30,597.27
004,508,783,688,278,,,0,0,2000,0,0,0,0.00,26.32,943.30,597.27
004,521,761,724,287,,,0,0,2000,0,0,0,0.00,26.32,943.30,597.27
004,531,799,733,291,,,0,0,2000,0,0,0,0.00,26.88,943.24,597.81
004,537,800,737,273,,,0,0,2000,0,0,0,0.00,26.88,943.24,597.81
004,534,809,745,291,,,0,0,2000,0,0,0,0.00,26.88,943.24,597.81
004,526,794,727,303,,,0,0,2000,0,0,0,0.00,28.03,943.17,598.42
004,527,783,727,284,,,0,0,2000,0,0,0,0.00,28.03,943.17,598.42
004,520,785,721,294,,,0,0,2000,0,0,0,0.00,28.03,943.17,598.42
004,513,761,706,264,,,0,0,2000,0,0,0,0.00,27.38,943.26,597.62
004,511,763,700,265,,,0,0,2000,0,0,0,0.00,27.38,943.26,597.62
004,498,748,681,253,,,0,0,2000,0,0,0,0.00,27.38,943.26,597.62
004,531,792,729,289,,,0,0,2000,0,0,0,0.00,26.74,943.17,598.47
004,530,803,736,280,,,0,0,2000,0,0,0,0.00,26.74,943.17,598.47
004,521,799,720,275,,,0,0,2000,0,0,0,0.00,26.74,943.17,598.47
004,515,768,699,277,,,0,0,2000,0,0,0,0.00,26.78,943.21,598.08
004,502,763,697,273,,,0,0,2000,0,0,0,0.00,26.78,943.21,598.08
004,512,756,700,282,,,0,0,2000,0,0,0,0.00,26.78,943.21,598.08
004,448,697,659,256,,,0,0,2000,0,0,0,0.00,27.21,943.16,598.49
004,396,579,470,266,,,0,0,2000,0,0,0,0.00,27.21,943.16,598.49
004,409,549,463,270,,,0,0,2000,0,0,0,0.00,27.21,943.16,598.49
004,495,736,662,244,,,0,0,2000,0,0,0,0.00,26.26,943.10,599.11
004,486,731,671,269,,,0,0,2000,0,0,0,0.00,26.26,943.10,599.11
004,441,715,534,252,,,0,0,2000,0,0,0,0.00,26.26,943.10,599.11
004,440,620,539,267,,,0,0,2000,0,0,0,0.00,26.27,943.11,598.98
004,499,734,671,271,,,0,0,2000,0,0,0,0.00,26.27,943.11,598.98
004,497,753,686,259,,,0,0,2000,0,0,0,0.00,26.27,943.11,598.98
004,4095,4095,4095,4095,,,0,0,2000,0,0,0,0.00,25.63,943.06,599.43
004,0,0,0,0,,,0,0,2000,0,0,0,0.00,25.63,943.06,599.43
004,0,0,0,0,,,0,0,2000,0,0,0,0.00,25.63,943.06,599.43
004,476,691,654,258,,,0,0,2000,0,0,0,0.00,25.92,942.98,600.08
004,470,707,648,252,,,0,0,2000,0,0,0,0.00,25.92,942.98,600.08
004,463,700,641,254,,,0,0,2000,0,0,0,0.00,25.92,942.98,600.08
004,446,671,609,243,,,0,0,2000,0,0,0,0.00,25.24,943.00,599.98
004,451,672,615,240,,,0,0,2000,0,0,0,0.00,25.24,943.00,599.98
004,448,684,620,242,,,0,0,2000,0,0,0,0.00,25.24,943.00,599.98
004,456,691,624,224,,,0,0,2000,0,0,0,0.00,25.30,942.91,600.78
004,455,688,634,225,,,0,0,2000,0,0,0,0.00,25.30,942.91,600.78
004,464,695,638,243,,,0,0,2000,0,0,0,0.00,25.30,942.91,600.78
004,467,695,640,249,,,0,0,2000,0,0,0,0.00,26.58,942.90,600.81
004,473,700,648,258,,,0,0,2000,0,0,0,0.00,26.58,942.90,600.81
004,468,703,652,259,,,0,0,2000,0,0,0,0.00,26.58,942.90,600.81
004,457,691,631,238,,,0,0,2000,0,0,0,0.00,26.25,942.83,601.46
004,454,688,624,257,,,0,0,2000,0,0,0,0.00,26.25,942.83,601.46
004,445,678,611,221,,,0,0,2000,0,0,0,0.00,26.25,942.83,601.46
004,436,647,597,237,,,0,0,2000,0,0,0,0.00,25.61,942.89,600.94
004,435,651,595,246,,,0,0,2000,0,0,0,0.00,25.61,942.89,600.94
004,436,657,595,243,,,0,0,2000,0,0,0,0.00,25.61,942.89,600.94
004,409,610,556,210,,,0,0,2000,0,0,0,0.00,25.55,942.91,600.71
004,402,613,540,224,,,0,0,2000,0,0,0,0.00,25.55,942.91,600.71
004,402,616,534,223,,,0,0,2000,0,0,0,0.00,25.55,942.91,600.71
004,382,572,524,209,,,0,0,2000,0,0,0,0.00,25.31,942.91,600.77
004,379,566,513,205,,,0,0,2000,0,0,0,0.00,25.31,942.91,600.77
004,373,559,504,193,,,0,0,2000,0,0,0,0.00,25.31,942.91,600.77
004,365,553,493,209,,,0,0,2000,0,0,0,0.00,24.01,942.87,601.10
004,367,550,495,178,,,0,0,2000,0,0,0,0.00,24.01,942.87,601.10
004,364,549,498,199,,,0,0,2000,0,0,0,0.00,24.01,942.87,601.10
004,351,528,483,164,,,0,0,2000,0,0,0,0.00,23.72,942.83,601.48
004,344,519,469,183,,,0,0,2000,0,0,0,0.00,23.72,942.83,601.48
004,349,511,471,175,,,0,0,2000,0,0,0,0.00,23.72,942.83,601.48
004,299,497,326,162,,,0,0,2000,0,0,0,0.00,23.18,942.83,601.47
004,278,361,311,164,,,0,0,2000,0,0,0,0.00,23.18,942.83,601.47
004,300,428,397,167,,,0,0,2000,0,0,0,0.00,23.18,942.83,601.47
004,265,434,307,156,,,0,0,2000,0,0,0,0.00,23.12,942.87,601.06
004,291,467,405,165,,,0,0,2000,0,0,0,0.00,23.12,942.87,601.06
004,293,445,407,154,,,0,0,2000,0,0,0,0.00,23.12,942.87,601.06
004,293,440,390,153,,,0,0,2000,0,0,0,0.00,23.15,942.80,601.67
004,284,431,385,162,,,0,0,2000,0,0,0,0.00,23.15,942.80,601.67
004,284,430,387,197,,,0,0,2000,0,0,0,0.00,23.15,942.80,601.67
004,256,404,359,186,,,0,0,2000,0,0,0,0.00,22.96,942.79,601.78
004,258,399,353,158,,,0,0,2000,0,0,0,0.00,22.96,942.79,601.78
004,260,385,349,161,,,0,0,2000,0,0,0,0.00,22.96,942.79,601.78
004,245,372,335,158,,,0,0,2000,0,0,0,0.00,22.01,942.80,601.70
004,238,358,321,162,,,0,0,2000,0,0,0,0.00,22.01,942.80,601.70
004,236,340,307,177,,,0,0,2000,0,0,0,0.00,22.01,942.80,601.70
004,190,291,255,175,,,0,0,2000,0,0,0,0.00,21.67,942.81,601.63
004,187,291,253,158,,,0,0,2000,0,0,0,0.00,21.67,942.81,601.63
004,181,280,240,182,,,0,0,2000,0,0,0,0.00,21.67,942.81,601.63
004,164,253,217,147,,,0,0,2000,0,0,0,0.00,21.25,942.74,602.23
004,163,243,208,158,,,0,0,2000,0,0,0,0.00,21.25,942.74,602.23
004,154,234,200,151,,,0,0,2000,0,0,0,0.00,21.25,942.74,602.23
004,143,223,183,141,,,0,0,2000,0,0,0,0.00,20.53,942.74,602.29
004,139,212,177,127,,,0,0,2000,0,0,0,0.00,20.53,942.74,602.29
004,142,217,178,128,,,0,0,2000,0,0,0,0.00,20.53,942.74,602.29
004,127,188,152,70,,,0,0,2000,0,0,0,0.00,20.26,942.73,602.38
004,123,188,158,62,,,0,0,2000,0,0,0,0.00,20.26,942.73,602.38
004,114,179,146,64,,,0,0,2000,0,0,0,0.00,20.26,942.73,602.38
004,95,151,121,45,,,0,0,2000,0,0,0,0.00,19.56,942.76,602.09
004,92,149,117,44,,,0,0,2000,0,0,0,0.00,19.56,942.76,602.09
004,85,134,108,45,,,0,0,2000,0,0,0,0.00,19.56,942.76,602.09
004,73,113,95,45,,,0,0,2000,0,0,0,0.00,19.21,942.69,602.65
004,72,123,92,44,,,0,0,2000,0,0,0,0.00,19.21,942.69,602.65
004,67,106,89,44,,,0,0,2000,0,0,0,0.00,19.21,942.69,602.65
004,14,25,6,13,,,0,0,2000,0,0,0,0.00,17.83,942.91,600.78
004,5,5,4,3,,,0,0,2000,0,0,0,0.00,17.83,942.91,600.78
004,5,5,4,3,,,0,0,2000,0,0,0,0.00,17.83,942.91,600.78
