005,593,969,777,738,33.5567,S,70.5996,W,13,7,2020,15,13,11,657.00,25.58,949.24,545.00
005,584,981,775,767,33.5567,S,70.5996,W,13,7,2020,15,13,50,639.50,25.58,949.24,545.00
005,599,953,772,770,33.5567,S,70.5996,W,13,7,2020,15,14,29,,25.58,949.24,545.00
005,582,908,748,790,33.5566,S,70.5995,W,13,7,2020,15,25,44,0.00,24.07,949.16,545.70
005,566,978,771,730,33.5566,S,70.5995,W,13,7,2020,15,26,23,643.90,24.07,949.16,545.70
005,596,985,759,780,33.5566,S,70.5995,W,13,7,2020,15,27,2,,24.07,949.16,545.70
005,577,952,728,767,33.5566,S,70.5995,W,13,7,2020,15,35,44,0.00,24.59,949.08,546.45
005,595,914,724,736,33.5566,S,70.5995,W,13,7,2020,15,36,23,629.70,24.59,949.08,546.45
005,571,929,692,723,33.5566,S,70.5995,W,13,7,2020,15,37,2,,24.59,949.08,546.45
005,617,913,763,724,33.5567,S,70.5994,W,13,7,2020,15,40,44,0.00,24.10,949.01,547.08
005,598,896,750,760,33.5567,S,70.5994,W,13,7,2020,15,41,23,624.60,24.10,949.01,547.08
005,585,992,774,789,33.5567,S,70.5994,W,13,7,2020,15,42,2,,24.10,949.01,547.08
005,629,1031,805,814,33.5566,S,70.5995,W,13,7,2020,15,45,44,0.00,24.70,949.06,
005,637,1052,790,831,33.5566,S,70.5995,W,13,7,2020,15,46,23,628.40,24.70,949.06,
005,632,1052,833,848,33.5566,S,70.5995,W,13,7,2020,15,47,2,,24.70,949.06,
005,550,992,678,739,33.5566,S,70.5995,W,13,7,2020,15,50,44,0.00,25.46,949.07,546.53
005,553,988,796,787,33.5566,S,70.5995,W,13,7,2020,15,51,23,626.00,25.46,949.07,546.53
005,605,831,812,758,33.5566,S,70.5995,W,13,7,2020,15,52,2,,25.46,949.07,546.53
005,5,5,5,4,33.5566,S,70.5995,W,13,7,2020,15,57,19,630.90,25.98,948.87,548.30
005,0,0,0,0,33.5566,S,70.5995,W,13,7,2020,15,57,20,630.90,25.98,948.87,548.30
005,0,0,0,0,33.5566,S,70.5995,W,13,7,2020,15,57,21,630.90,25.98,948.87,548.30
005,668,1118,852,887,33.5566,S,70.5995,W,13,7,2020,16,0,44,0.00,25.91,948.84,548.53
005,664,1096,847,876,33.5566,S,70.5995,W,13,7,2020,16,1,23,631.10,25.91,948.84,548.53
005,678,1067,738,868,33.5566,S,70.5995,W,13,7,2020,16,2,2,,25.91,948.84,548.53
005,535,979,732,722,33.5566,S,70.5995,W,13,7,2020,16,15,44,0.00,26.13,948.63,550.40
005,628,1019,735,809,33.5566,S,70.5995,W,13,7,2020,16,16,23,627.30,26.13,948.63,550.40
005,627,1057,831,827,33.5566,S,70.5995,W,13,7,2020,16,17,2,,26.13,948.63,550.40
005,654,1066,844,847,33.5566,S,70.5995,W,13,7,2020,16,20,44,0.00,26.40,948.54,
005,650,1073,833,827,33.5566,S,70.5995,W,13,7,2020,16,21,23,629.70,26.40,948.54,
005,666,1083,816,854,33.5566,S,70.5995,W,13,7,2020,16,22,2,,26.40,948.54,
005,652,1111,879,874,33.5566,S,70.5995,W,13,7,2020,16,30,44,0.00,26.58,948.45,
005,655,1019,804,847,33.5566,S,70.5995,W,13,7,2020,16,31,23,637.60,26.58,948.45,
005,626,1054,828,816,33.5566,S,70.5995,W,13,7,2020,16,32,2,,26.58,948.45,
005,611,930,792,685,33.5566,S,70.5995,W,13,7,2020,16,55,44,0.00,27.74,948.10,555.07
005,626,985,783,792,33.5566,S,70.5995,W,13,7,2020,16,56,23,627.80,27.74,948.10,555.07
005,617,1016,779,710,33.5566,S,70.5995,W,13,7,2020,16,57,2,,27.74,948.10,555.07
005,608,950,798,795,33.5566,S,70.5995,W,13,7,2020,17,5,44,0.00,28.10,947.95,556.33
005,628,1033,800,809,33.5566,S,70.5995,W,13,7,2020,17,6,23,632.00,28.10,947.95,556.33
005,619,1023,767,819,33.5566,S,70.5995,W,13,7,2020,17,7,2,,28.10,947.95,556.33
005,604,880,803,800,33.5566,S,70.5995,W,13,7,2020,17,10,44,0.00,28.03,947.91,556.72
005,616,1036,784,808,33.5566,S,70.5995,W,13,7,2020,17,11,23,630.50,28.03,947.91,556.72
005,563,1040,689,792,33.5566,S,70.5995,W,13,7,2020,17,12,2,,28.03,947.91,556.72
005,648,1086,839,848,33.5566,S,70.5995,W,13,7,2020,17,15,44,0.00,27.89,947.88,
005,664,1027,824,848,33.5566,S,70.5995,W,13,7,2020,17,16,23,631.90,27.89,947.88,
005,588,1046,802,788,33.5566,S,70.5995,W,13,7,2020,17,17,2,,27.89,947.88,
005,592,1016,771,795,33.5566,S,70.5995,W,13,7,2020,17,20,44,0.00,27.92,947.80,557.68
005,588,864,764,732,33.5566,S,70.5995,W,13,7,2020,17,21,23,635.10,27.92,947.80,557.68
005,581,952,751,750,33.5566,S,70.5995,W,13,7,2020,17,22,2,,27.92,947.80,557.68
005,586,952,748,760,33.5566,S,70.5995,W,13,7,2020,17,35,44,0.00,29.00,947.65,559.02
005,575,956,665,761,33.5566,S,70.5995,W,13,7,2020,17,36,23,627.10,29.00,947.65,559.02
005,596,896,754,762,33.5566,S,70.5995,W,13,7,2020,17,37,2,,29.00,947.65,559.02
005,635,952,795,807,33.5566,S,70.5995,W,13,7,2020,17,40,44,0.00,28.95,947.60,559.40
005,632,1044,788,732,33.5566,S,70.5995,W,13,7,2020,17,41,23,633.70,28.95,947.60,559.40
005,528,993,785,618,33.5566,S,70.5995,W,13,7,2020,17,42,2,,28.95,947.60,559.40
005,556,908,694,712,33.5566,S,70.5995,W,13,7,2020,18,5,44,0.00,30.22,947.58,559.59
005,548,876,584,657,33.5566,S,70.5995,W,13,7,2020,18,6,23,635.00,30.22,947.58,559.59
005,453,883,614,551,33.5566,S,70.5995,W,13,7,2020,18,7,2,,30.22,947.58,559.59
005,561,856,625,713,33.5566,S,70.5995,W,13,7,2020,18,10,44,0.00,30.24,947.59,559.49
005,580,915,704,732,33.5566,S,70.5995,W,13,7,2020,18,11,23,636.50,30.24,947.59,559.49
005,572,808,726,725,33.5566,S,70.5995,W,13,7,2020,18,12,2,,30.24,947.59,559.49
005,517,865,662,656,33.5566,S,70.5995,W,13,7,2020,18,15,44,0.00,29.46,947.57,559.67
005,504,865,649,547,33.5566,S,70.5995,W,13,7,2020,18,16,23,640.60,29.46,947.57,559.67
005,510,870,628,667,33.5566,S,70.5995,W,13,7,2020,18,17,2,,29.46,947.57,559.67
005,512,822,654,652,33.5566,S,70.5995,W,13,7,2020,18,20,44,0.00,28.93,947.62,559.28
005,508,822,647,655,33.5566,S,70.5995,W,13,7,2020,18,21,23,636.20,28.93,947.62,559.28
005,362,641,516,626,33.5566,S,70.5995,W,13,7,2020,18,22,2,,28.93,947.62,559.28
005,413,499,561,553,33.5566,S,70.5995,W,13,7,2020,18,45,44,0.00,27.31,947.57,559.71
005,377,679,546,480,33.5566,S,70.5995,W,13,7,2020,18,46,23,639.30,27.31,947.57,559.71
005,357,637,551,439,33.5566,S,70.5995,W,13,7,2020,18,47,2,,27.31,947.57,559.71
005,301,679,376,404,33.5566,S,70.5995,W,13,7,2020,18,50,44,0.00,27.15,947.63,559.18
005,265,632,560,428,33.5566,S,70.5995,W,13,7,2020,18,51,23,636.30,27.15,947.63,559.18
005,463,583,591,544,33.5566,S,70.5995,W,13,7,2020,18,52,2,,27.15,947.63,559.18
005,430,701,566,587,33.5566,S,70.5995,W,13,7,2020,18,55,44,0.00,26.91,947.59,559.48
005,440,659,555,544,33.5566,S,70.5995,W,13,7,2020,18,56,23,635.40,26.91,947.59,559.48
005,419,732,423,502,33.5566,S,70.5995,W,13,7,2020,18,57,2,,26.91,947.59,559.48
005,437,655,575,584,33.5566,S,70.5995,W,13,7,2020,19,10,44,0.00,29.67,947.57,559.70
005,432,751,568,576,33.5566,S,70.5995,W,13,7,2020,19,11,23,637.20,29.67,947.57,559.70
005,457,740,555,583,33.5566,S,70.5995,W,13,7,2020,19,12,2,,29.67,947.57,559.70
005,449,744,583,592,33.5566,S,70.5995,W,13,7,2020,19,15,44,0.00,28.82,947.47,560.58
005,428,751,524,516,33.5566,S,70.5995,W,13,7,2020,19,16,23,636.20,28.82,947.47,560.58
005,459,728,540,571,33.5566,S,70.5995,W,13,7,2020,19,17,2,,28.82,947.47,560.58
005,4095,4095,4095,4095,33.5566,S,70.5995,W,13,7,2020,19,27,19,633.10,27.35,947.50,560.33
005,0,0,0,0,33.5566,S,70.5995,W,13,7,2020,19,27,20,633.10,27.35,947.50,560.33
005,0,0,0,0,33.5566,S,70.5995,W,13,7,2020,19,27,21,,27.35,947.50,560.33
005,393,659,452,487,33.5566,S,70.5995,W,13,7,2020,19,35,44,0.00,27.76,947.50,560.29
005,400,586,483,490,33.5566,S,70.5995,W,13,7,2020,19,36,23,635.50,27.76,947.50,560.29
005,387,635,485,447,33.5566,S,70.5995,W,13,7,2020,19,37,2,,27.76,947.50,560.29
005,373,568,446,453,33.5566,S,70.5994,W,13,7,2020,19,55,44,0.00,26.44,947.56,559.76
005,358,605,451,435,33.5566,S,70.5994,W,13,7,2020,19,56,23,628.90,26.44,947.56,559.76
005,384,598,472,458,33.5566,S,70.5994,W,13,7,2020,19,57,2,,26.44,947.56,559.76
005,282,427,490,476,33.5566,S,70.5995,W,13,7,2020,20,5,44,0.00,25.81,947.49,560.36
005,355,427,460,407,33.5566,S,70.5995,W,13,7,2020,20,6,23,628.80,25.81,947.49,560.36
005,312,598,426,484,33.5566,S,70.5995,W,13,7,2020,20,7,2,,25.81,947.49,560.36
005,280,503,340,331,33.5566,S,70.5995,W,13,7,2020,20,20,44,0.00,25.29,947.44,560.87
005,346,557,396,429,33.5566,S,70.5995,W,13,7,2020,20,21,23,628.10,25.29,947.44,560.87
005,332,553,328,427,33.5566,S,70.5995,W,13,7,2020,20,22,2,,25.29,947.44,560.87
005,175,446,323,312,33.5566,S,70.5995,W,13,7,2020,20,25,44,0.00,25.29,947.46,560.62
005,308,441,420,416,33.5566,S,70.5995,W,13,7,2020,20,26,23,636.30,25.29,947.46,560.62
005,337,492,405,400,33.5566,S,70.5995,W,13,7,2020,20,27,2,,25.29,947.46,560.62
005,204,286,317,225,33.5566,S,70.5994,W,13,7,2020,20,40,44,0.00,25.54,947.51,560.19
005,259,401,326,329,33.5566,S,70.5994,W,13,7,2020,20,41,23,627.10,25.54,947.51,560.19
005,273,423,290,334,33.5566,S,70.5994,W,13,7,2020,20,42,2,,25.54,947.51,560.19
005,687,1137,839,821,33.5569,S,70.5996,W,14,7,2020,15,34,22,663.80,21.84,945.12,
005,657,1113,852,867,33.5569,S,70.5996,W,14,7,2020,15,35,1,647.10,21.84,945.12,
005,675,1078,838,872,33.5569,S,70.5996,W,14,7,2020,15,35,40,,21.84,945.12,
005,681,1127,875,878,33.5566,S,70.5995,W,14,7,2020,16,5,39,629.30,26.50,944.81,
005,693,1144,828,877,33.5566,S,70.5995,W,14,7,2020,16,6,18,629.30,26.50,944.81,
005,681,1119,858,886,33.5566,S,70.5995,W,14,7,2020,16,6,57,,26.50,944.81,
005,716,1163,892,900,33.5566,S,70.5995,W,14,7,2020,16,10,39,628.80,26.01,944.77,
005,668,1072,886,761,33.5566,S,70.5995,W,14,7,2020,16,11,18,628.80,26.01,944.77,
005,713,1151,899,896,33.5566,S,70.5995,W,14,7,2020,16,11,57,,26.01,944.77,
005,659,1031,872,880,33.5566,S,70.5995,W,14,7,2020,16,15,39,630.50,26.25,944.70,
005,702,1075,899,876,33.5566,S,70.5995,W,14,7,2020,16,16,18,630.50,26.25,944.70,
005,668,1030,855,889,33.5566,S,70.5995,W,14,7,2020,16,16,57,,26.25,944.70,
005,700,1155,887,870,33.5566,S,70.5995,W,14,7,2020,16,20,39,630.30,26.19,944.65,
005,716,1164,888,888,33.5566,S,70.5995,W,14,7,2020,16,21,18,630.30,26.19,944.65,
005,720,1152,883,900,33.5566,S,70.5995,W,14,7,2020,16,21,57,,26.19,944.65,
005,682,1107,843,864,33.5566,S,70.5995,W,14,7,2020,16,25,39,638.50,26.88,944.62,
005,676,1071,838,859,33.5566,S,70.5995,W,14,7,2020,16,26,18,638.50,26.88,944.62,
005,683,1102,836,831,33.5566,S,70.5995,W,14,7,2020,16,26,57,,26.88,944.62,
005,688,1008,871,750,33.5566,S,70.5995,W,14,7,2020,16,30,39,636.50,27.81,944.60,
005,678,1102,867,875,33.5566,S,70.5995,W,14,7,2020,16,31,18,636.50,27.81,944.60,
005,683,1134,864,876,33.5566,S,70.5995,W,14,7,2020,16,31,57,,27.81,944.60,
005,639,1038,833,761,33.5566,S,70.5995,W,14,7,2020,16,35,39,631.60,28.94,944.53,
005,646,1132,843,883,33.5566,S,70.5995,W,14,7,2020,16,36,18,631.60,28.94,944.53,
005,608,1057,874,828,33.5566,S,70.5995,W,14,7,2020,16,36,57,,28.94,944.53,
005,694,1087,880,888,33.5566,S,70.5995,W,14,7,2020,16,40,39,637.00,29.20,944.45,
005,674,1116,787,876,33.5566,S,70.5995,W,14,7,2020,16,41,18,637.00,29.20,944.45,
005,604,1041,872,876,33.5566,S,70.5995,W,14,7,2020,16,41,57,,29.20,944.45,
005,678,1150,871,871,33.5566,S,70.5995,W,14,7,2020,17,5,39,631.70,27.83,944.15,589.80
005,689,988,876,883,33.5566,S,70.5995,W,14,7,2020,17,6,18,631.70,27.83,944.15,589.80
005,683,1104,856,771,33.5566,S,70.5995,W,14,7,2020,17,6,57,,27.83,944.15,589.80
005,714,1160,897,883,33.5566,S,70.5995,W,14,7,2020,17,10,39,633.00,27.86,944.18,
005,632,1172,875,784,33.5566,S,70.5995,W,14,7,2020,17,11,18,633.00,27.86,944.18,
005,705,1144,820,914,33.5566,S,70.5995,W,14,7,2020,17,11,57,,27.86,944.18,
005,687,1192,856,920,33.5566,S,70.5996,W,14,7,2020,17,15,39,636.00,28.18,944.06,
005,697,1199,915,920,33.5566,S,70.5996,W,14,7,2020,17,16,18,636.00,28.18,944.06,
005,699,1188,854,920,33.5566,S,70.5996,W,14,7,2020,17,16,57,,28.18,944.06,
005,702,1132,888,887,33.5566,S,70.5995,W,14,7,2020,17,20,39,635.10,28.23,944.03,
005,694,1164,896,892,33.5566,S,70.5995,W,14,7,2020,17,21,18,635.10,28.23,944.03,
005,699,1132,838,880,33.5566,S,70.5995,W,14,7,2020,17,21,57,,28.23,944.03,
005,12,5,7,5,33.5566,S,70.5995,W,14,7,2020,17,25,39,635.10,28.60,943.91,591.93
005,12,5,7,5,33.5566,S,70.5995,W,14,7,2020,17,26,18,635.10,28.60,943.91,591.93
005,12,5,7,5,33.5566,S,70.5995,W,14,7,2020,17,26,57,635.10,28.60,943.91,591.93
005,542,909,847,561,33.5566,S,70.5995,W,14,7,2020,17,30,39,634.30,28.74,943.92,
005,674,945,766,741,33.5566,S,70.5995,W,14,7,2020,17,31,18,634.30,28.74,943.92,
005,695,1099,821,839,33.5566,S,70.5995,W,14,7,2020,17,31,57,,28.74,943.92,
005,591,1036,788,825,33.5566,S,70.5995,W,14,7,2020,17,35,39,632.50,28.76,943.92,
005,613,1009,799,801,33.5566,S,70.5995,W,14,7,2020,17,36,18,632.50,28.76,943.92,
005,438,895,732,695,33.5566,S,70.5995,W,14,7,2020,17,36,57,,28.76,943.92,
005,638,934,808,654,33.5566,S,70.5995,W,14,7,2020,17,40,39,633.10,29.19,943.85,
005,640,1008,680,699,33.5566,S,70.5995,W,14,7,2020,17,41,18,633.10,29.19,943.85,
005,672,1024,842,863,33.5566,S,70.5995,W,14,7,2020,17,41,57,,29.19,943.85,
005,644,1016,764,787,33.5566,S,70.5995,W,14,7,2020,17,45,39,633.10,29.03,943.79,
005,584,966,796,801,33.5566,S,70.5995,W,14,7,2020,17,46,18,633.10,29.03,943.79,
005,605,1020,763,799,33.5566,S,70.5995,W,14,7,2020,17,46,57,,29.03,943.79,
005,609,883,791,795,33.5566,S,70.5994,W,14,7,2020,17,50,39,634.40,29.24,943.68,
005,628,1041,794,687,33.5566,S,70.5994,W,14,7,2020,17,51,18,634.40,29.24,943.68,
005,556,1033,784,703,33.5566,S,70.5994,W,14,7,2020,17,51,57,,29.24,943.68,
005,644,1048,764,816,33.5566,S,70.5995,W,14,7,2020,17,55,39,633.30,28.96,943.70,
005,637,1039,688,806,33.5566,S,70.5995,W,14,7,2020,17,56,18,633.30,28.96,943.70,
005,617,1036,745,764,33.5566,S,70.5995,W,14,7,2020,17,56,57,,28.96,943.70,
005,9,5,8,5,33.5566,S,70.5995,W,14,7,2020,19,57,15,633.90,27.49,943.13,598.83
005,0,0,0,0,33.5566,S,70.5995,W,14,7,2020,19,57,16,633.90,27.49,943.13,598.83
005,0,0,0,0,33.5566,S,70.5995,W,14,7,2020,19,57,17,633.90,27.49,943.13,598.83
005,240,355,283,290,33.5566,S,70.5995,W,14,7,2020,20,0,39,637.70,27.01,943.21,598.08
005,245,377,272,286,33.5566,S,70.5995,W,14,7,2020,20,1,18,637.70,27.01,943.21,598.08
005,227,383,223,277,33.5566,S,70.5995,W,14,7,2020,20,1,57,,27.01,943.21,598.08
005,9,5,7,5,33.5566,S,70.5994,W,14,7,2020,20,7,15,629.40,26.44,943.15,598.62
005,0,0,0,0,33.5566,S,70.5994,W,14,7,2020,20,7,16,629.40,26.44,943.15,598.62
005,0,0,0,0,33.5566,S,70.5994,W,14,7,2020,20,7,17,629.40,26.44,943.15,598.62
005,183,305,149,201,33.5566,S,70.5995,W,14,7,2020,20,10,39,638.50,25.46,943.25,597.73
005,191,246,219,204,33.5566,S,70.5995,W,14,7,2020,20,11,18,638.50,25.46,943.25,597.73
005,122,250,198,139,33.5566,S,70.5995,W,14,7,2020,20,11,57,,25.46,943.25,597.73
005,238,393,244,285,33.5567,S,70.5995,W,14,7,2020,20,15,39,642.20,25.28,943.32,597.12
005,243,395,282,296,33.5567,S,70.5995,W,14,7,2020,20,16,18,642.20,25.28,943.32,597.12
005,241,304,302,294,33.5567,S,70.5995,W,14,7,2020,20,16,57,,25.28,943.32,597.12
005,125,270,224,205,33.5567,S,70.5995,W,14,7,2020,20,20,39,640.80,25.37,943.32,597.16
005,244,347,291,298,33.5567,S,70.5995,W,14,7,2020,20,21,18,640.80,25.37,943.32,597.16
005,245,392,294,298,33.5567,S,70.5995,W,14,7,2020,20,21,57,,25.37,943.32,597.16
005,260,383,280,329,33.5567,S,70.5995,W,14,7,2020,20,25,39,646.00,25.21,943.35,596.85
005,179,407,120,167,33.5567,S,70.5995,W,14,7,2020,20,26,18,646.00,25.21,943.35,596.85
005,266,426,306,261,33.5567,S,70.5995,W,14,7,2020,20,26,57,,25.21,943.35,596.85
005,304,482,305,359,33.5567,S,70.5995,W,14,7,2020,20,30,39,647.30,24.99,943.44,596.06
005,290,460,296,369,33.5567,S,70.5995,W,14,7,2020,20,31,18,647.30,24.99,943.44,596.06
005,283,485,364,353,33.5567,S,70.5995,W,14,7,2020,20,31,57,,24.99,943.44,596.06
005,9,5,8,5,33.5566,S,70.5995,W,14,7,2020,20,37,15,640.20,24.73,943.34,596.91
005,0,0,0,0,33.5566,S,70.5995,W,14,7,2020,20,37,16,640.20,24.73,943.34,596.91
005,0,0,0,0,33.5566,S,70.5995,W,14,7,2020,20,37,17,640.20,24.73,943.34,596.91
005,262,415,317,316,33.5566,S,70.5995,W,14,7,2020,20,40,39,637.20,24.04,943.40,596.45
005,265,406,312,316,33.5566,S,70.5995,W,14,7,2020,20,41,18,637.20,24.04,943.40,596.45
005,259,412,296,319,33.5566,S,70.5995,W,14,7,2020,20,41,57,,24.04,943.40,596.45
005,206,329,241,248,33.5567,S,70.5995,W,14,7,2020,20,50,39,640.20,24.07,943.42,596.20
005,215,306,254,257,33.5567,S,70.5995,W,14,7,2020,20,51,18,640.20,24.07,943.42,596.20
005,208,311,238,250,33.5567,S,70.5995,W,14,7,2020,20,51,57,,24.07,943.42,596.20
005,159,231,204,213,33.5566,S,70.5994,W,14,7,2020,20,55,39,635.40,23.92,943.43,596.12
005,148,264,187,210,33.5566,S,70.5994,W,14,7,2020,20,56,18,635.40,23.92,943.43,596.12
005,165,234,159,199,33.5566,S,70.5994,W,14,7,2020,20,56,57,,23.92,943.43,596.12
005,10,5,9,4,33.5566,S,70.5995,W,14,7,2020,21,2,15,634.30,23.64,943.39,596.52
005,0,0,0,0,33.5566,S,70.5995,W,14,7,2020,21,2,16,634.30,23.64,943.39,596.52
005,0,0,0,0,33.5566,S,70.5995,W,14,7,2020,21,2,17,634.30,23.64,943.39,596.52
005,117,176,133,135,33.5566,S,70.5995,W,14,7,2020,21,5,39,635.00,23.50,943.37,596.65
005,106,154,103,142,33.5566,S,70.5995,W,14,7,2020,21,6,18,635.00,23.50,943.37,596.65
005,107,178,129,130,33.5566,S,70.5995,W,14,7,2020,21,6,57,,23.50,943.37,596.65
005,17,4,7,4,33.5566,S,70.5995,W,15,7,2020,12,30,39,627.70,4.35,942.60,603.48
005,17,4,6,4,33.5566,S,70.5995,W,15,7,2020,12,31,18,627.70,4.35,942.60,603.48
005,17,4,6,3,33.5566,S,70.5995,W,15,7,2020,12,31,57,627.70,4.35,942.60,603.48
005,17,4,7,4,33.5566,S,70.5995,W,15,7,2020,12,35,39,622.90,6.33,942.46,604.72
005,18,4,7,4,33.5566,S,70.5995,W,15,7,2020,12,36,18,622.90,6.33,942.46,604.72
005,17,4,6,3,33.5566,S,70.5995,W,15,7,2020,12,36,57,622.90,6.33,942.46,604.72
005,16,5,7,4,33.5566,S,70.5995,W,15,7,2020,12,40,39,626.90,8.53,942.44,604.91
005,16,4,8,4,33.5566,S,70.5995,W,15,7,2020,12,41,18,626.90,8.53,942.44,604.91
005,16,5,7,4,33.5566,S,70.5995,W,15,7,2020,12,41,57,626.90,8.53,942.44,604.91
005,19,6,10,5,33.5566,S,70.5995,W,15,7,2020,12,45,39,624.90,10.28,942.48,604.57
005,19,5,10,4,33.5566,S,70.5995,W,15,7,2020,12,46,18,624.90,10.28,942.48,604.57
005,19,5,9,4,33.5566,S,70.5995,W,15,7,2020,12,46,57,624.90,10.28,942.48,604.57
005,21,5,8,4,33.5566,S,70.5995,W,15,7,2020,13,5,39,631.70,14.56,942.42,605.03
005,19,5,8,4,33.5566,S,70.5995,W,15,7,2020,13,6,18,631.70,14.56,942.42,605.03
005,18,5,8,4,33.5566,S,70.5995,W,15,7,2020,13,6,57,631.70,14.56,942.42,605.03
005,18,5,8,4,33.5566,S,70.5995,W,15,7,2020,13,10,39,631.10,15.50,942.32,605.92
005,18,5,8,4,33.5566,S,70.5995,W,15,7,2020,13,11,18,631.10,15.50,942.32,605.92
005,18,5,8,4,33.5566,S,70.5995,W,15,7,2020,13,11,57,631.10,15.50,942.32,605.92
005,18,5,8,4,33.5566,S,70.5995,W,15,7,2020,13,15,39,632.00,16.49,942.25,606.55
005,18,5,8,4,33.5566,S,70.5995,W,15,7,2020,13,16,18,632.00,16.49,942.25,606.55
005,18,5,7,4,33.5566,S,70.5995,W,15,7,2020,13,16,57,632.00,16.49,942.25,606.55
005,17,5,8,4,33.5566,S,70.5995,W,15,7,2020,13,20,39,628.80,17.07,942.29,606.20
005,17,5,8,4,33.5566,S,70.5995,W,15,7,2020,13,21,18,628.80,17.07,942.29,606.20
005,17,5,8,4,33.5566,S,70.5995,W,15,7,2020,13,21,57,628.80,17.07,942.29,606.20
005,17,5,8,4,33.5567,S,70.5995,W,15,7,2020,13,25,39,627.10,17.77,942.31,606.06
005,16,5,8,4,33.5567,S,70.5995,W,15,7,2020,13,26,18,627.10,17.77,942.31,606.06
005,16,5,8,4,33.5567,S,70.5995,W,15,7,2020,13,26,57,627.10,17.77,942.31,606.06
005,605,1027,736,807,33.5566,S,70.5995,W,15,7,2020,14,45,39,632.20,25.68,942.16,
005,593,1020,748,806,33.5566,S,70.5995,W,15,7,2020,14,46,18,632.20,25.68,942.16,
005,579,1005,756,810,33.5566,S,70.5995,W,15,7,2020,14,46,57,,25.68,942.16,
005,15,6,9,5,33.5567,S,70.5995,W,15,7,2020,14,50,39,633.70,25.39,942.15,607.49
005,15,5,8,5,33.5567,S,70.5995,W,15,7,2020,14,51,18,633.70,25.39,942.15,607.49
005,15,6,8,5,33.5567,S,70.5995,W,15,7,2020,14,51,57,633.70,25.39,942.15,607.49
005,16,6,8,5,33.5567,S,70.5995,W,15,7,2020,14,55,39,630.10,24.71,942.09,607.98
005,16,5,8,5,33.5567,S,70.5995,W,15,7,2020,14,56,18,630.10,24.71,942.09,607.98
005,16,5,8,5,33.5567,S,70.5995,W,15,7,2020,14,56,57,630.10,24.71,942.09,607.98
005,15,6,8,5,33.5567,S,70.5995,W,15,7,2020,15,0,39,631.00,24.20,942.05,608.36
005,16,6,8,5,33.5567,S,70.5995,W,15,7,2020,15,1,18,631.00,24.20,942.05,608.36
005,15,5,8,5,33.5567,S,70.5995,W,15,7,2020,15,1,57,631.00,24.20,942.05,608.36
005,584,1075,547,775,33.5567,S,70.5995,W,15,7,2020,15,5,39,634.10,24.33,942.00,608.76
005,612,1038,792,828,33.5567,S,70.5995,W,15,7,2020,15,6,18,634.10,24.33,942.00,608.76
005,283,783,195,228,33.5567,S,70.5995,W,15,7,2020,15,6,57,,24.33,942.00,608.76
005,13,5,8,5,33.5566,S,70.5995,W,15,7,2020,15,10,39,631.00,24.55,942.08,608.08
005,12,5,7,5,33.5566,S,70.5995,W,15,7,2020,15,11,18,631.00,24.55,942.08,608.08
005,13,6,8,5,33.5566,S,70.5995,W,15,7,2020,15,11,57,631.00,24.55,942.08,608.08
005,620,860,810,864,33.5567,S,70.5995,W,15,7,2020,15,15,39,630.20,24.35,942.00,
005,656,1059,808,876,33.5567,S,70.5995,W,15,7,2020,15,16,18,630.20,24.35,942.00,
005,652,1068,817,875,33.5567,S,70.5995,W,15,7,2020,15,16,57,,24.35,942.00,
005,665,1084,768,891,33.5566,S,70.5995,W,15,7,2020,15,25,39,632.00,25.65,942.01,
005,655,1073,823,880,33.5566,S,70.5995,W,15,7,2020,15,26,18,632.00,25.65,942.01,
005,634,1067,817,851,33.5566,S,70.5995,W,15,7,2020,15,26,57,,25.65,942.01,
005,654,1089,830,856,33.5566,S,70.5995,W,15,7,2020,15,30,39,629.70,25.61,942.01,
005,665,1084,761,894,33.5566,S,70.5995,W,15,7,2020,15,31,18,629.70,25.61,942.01,
005,667,1087,807,888,33.5566,S,70.5995,W,15,7,2020,15,31,57,,25.61,942.01,
005,686,1007,862,911,33.5567,S,70.5995,W,15,7,2020,15,35,39,626.00,25.74,942.09,
005,689,1100,847,919,33.5567,S,70.5995,W,15,7,2020,15,36,18,626.00,25.74,942.09,
005,692,1071,856,940,33.5567,S,70.5995,W,15,7,2020,15,36,57,,25.74,942.09,
005,675,1067,836,896,33.5566,S,70.5995,W,15,7,2020,15,40,39,629.80,25.77,942.11,
005,675,1094,839,896,33.5566,S,70.5995,W,15,7,2020,15,41,18,629.80,25.77,942.11,
005,665,1000,849,896,33.5566,S,70.5995,W,15,7,2020,15,41,57,,25.77,942.11,
005,624,1062,862,848,33.5566,S,70.5995,W,15,7,2020,15,45,39,640.70,25.89,942.10,
005,627,1095,862,819,33.5566,S,70.5995,W,15,7,2020,15,46,18,640.70,25.89,942.10,
005,689,1108,859,918,33.5566,S,70.5995,W,15,7,2020,15,46,57,,25.89,942.10,
005,9,5,7,5,33.5566,S,70.5995,W,15,7,2020,17,52,15,631.90,28.84,940.73,619.97
005,0,0,0,0,33.5566,S,70.5995,W,15,7,2020,17,52,16,631.90,28.84,940.73,619.97
005,0,0,0,0,33.5566,S,70.5995,W,15,7,2020,17,52,17,631.90,28.84,940.73,619.97
005,597,983,681,766,33.5566,S,70.5995,W,15,7,2020,17,55,39,634.10,28.86,940.74,619.90
005,617,980,770,811,33.5566,S,70.5995,W,15,7,2020,17,56,18,634.10,28.86,940.74,619.90
005,610,980,754,819,33.5566,S,70.5995,W,15,7,2020,17,56,57,,28.86,940.74,619.90
005,598,949,743,791,33.5566,S,70.5995,W,15,7,2020,18,0,39,631.40,27.64,940.74,619.94
005,604,964,756,799,33.5566,S,70.5995,W,15,7,2020,18,1,18,631.40,27.64,940.74,619.94
005,608,967,759,780,33.5566,S,70.5995,W,15,7,2020,18,1,57,,27.64,940.74,619.94
005,610,987,776,824,33.5566,S,70.5994,W,15,7,2020,18,5,39,630.60,27.33,940.71,620.16
005,623,990,761,824,33.5566,S,70.5994,W,15,7,2020,18,6,18,630.60,27.33,940.71,620.16
005,622,983,772,817,33.5566,S,70.5994,W,15,7,2020,18,6,57,,27.33,940.71,620.16
005,633,1002,783,825,33.5566,S,70.5994,W,15,7,2020,18,10,39,631.00,26.88,940.71,
005,628,1019,792,823,33.5566,S,70.5994,W,15,7,2020,18,11,18,631.00,26.88,940.71,
005,639,955,801,844,33.5566,S,70.5994,W,15,7,2020,18,11,57,,26.88,940.71,
005,639,1011,687,820,33.5566,S,70.5994,W,15,7,2020,18,15,39,632.30,26.93,940.67,
005,615,992,776,814,33.5566,S,70.5994,W,15,7,2020,18,16,18,632.30,26.93,940.67,
005,603,993,543,739,33.5566,S,70.5994,W,15,7,2020,18,16,57,,26.93,940.67,
005,572,860,751,743,33.5566,S,70.5994,W,15,7,2020,18,20,39,632.30,26.57,940.60,621.16
005,601,963,746,792,33.5566,S,70.5994,W,15,7,2020,18,21,18,632.30,26.57,940.60,621.16
005,603,966,752,796,33.5566,S,70.5994,W,15,7,2020,18,21,57,,26.57,940.60,621.16
005,579,956,742,790,33.5566,S,70.5995,W,15,7,2020,18,25,39,634.80,26.43,940.66,620.61
005,262,687,179,213,33.5566,S,70.5995,W,15,7,2020,18,26,18,634.80,26.43,940.66,620.61
005,591,960,755,781,33.5566,S,70.5995,W,15,7,2020,18,26,57,,26.43,940.66,620.61
005,575,903,724,764,33.5566,S,70.5995,W,15,7,2020,18,30,39,632.90,26.14,940.66,620.61
005,570,924,718,768,33.5566,S,70.5995,W,15,7,2020,18,31,18,632.90,26.14,940.66,620.61
005,529,835,729,667,33.5566,S,70.5995,W,15,7,2020,18,31,57,,26.14,940.66,620.61
005,572,939,745,764,33.5566,S,70.5995,W,15,7,2020,18,35,39,640.00,26.19,940.65,620.72
005,593,942,739,780,33.5566,S,70.5995,W,15,7,2020,18,36,18,640.00,26.19,940.65,620.72
005,582,924,740,783,33.5566,S,70.5995,W,15,7,2020,18,36,57,,26.19,940.65,620.72
005,558,926,700,756,33.5566,S,70.5995,W,15,7,2020,18,40,39,635.60,26.34,940.66,620.63
005,245,651,167,190,33.5566,S,70.5995,W,15,7,2020,18,41,18,635.60,26.34,940.66,620.63
005,583,924,729,755,33.5566,S,70.5995,W,15,7,2020,18,41,57,,26.34,940.66,620.63
005,551,915,733,756,33.5566,S,70.5995,W,15,7,2020,18,45,39,642.70,26.40,940.57,621.41
005,373,636,632,622,33.5566,S,70.5995,W,15,7,2020,18,46,18,642.70,26.40,940.57,621.41
005,566,904,708,752,33.5566,S,70.5995,W,15,7,2020,18,46,57,,26.40,940.57,621.41
005,555,896,704,737,33.5566,S,70.5995,W,15,7,2020,18,50,39,638.60,26.46,940.48,622.17
005,561,896,688,746,33.5566,S,70.5995,W,15,7,2020,18,51,18,638.60,26.46,940.48,622.17
005,563,908,717,764,33.5566,S,70.5995,W,15,7,2020,18,51,57,,26.46,940.48,622.17
005,543,860,711,710,33.5566,S,70.5995,W,15,7,2020,18,55,39,635.10,26.66,940.61,621.07
005,556,890,690,728,33.5566,S,70.5995,W,15,7,2020,18,56,18,635.10,26.66,940.61,621.07
005,559,884,711,745,33.5566,S,70.5995,W,15,7,2020,18,56,57,,26.66,940.61,621.07
005,548,849,667,711,33.5566,S,70.5995,W,15,7,2020,19,0,39,629.90,26.46,940.62,620.95
005,531,837,664,681,33.5566,S,70.5995,W,15,7,2020,19,1,18,629.90,26.46,940.62,620.95
005,531,842,656,692,33.5566,S,70.5995,W,15,7,2020,19,1,57,,26.46,940.62,620.95
005,500,784,604,647,33.5566,S,70.5995,W,15,7,2020,19,5,39,640.40,26.17,940.68,620.42
005,393,752,463,537,33.5566,S,70.5995,W,15,7,2020,19,6,18,640.40,26.17,940.68,620.42
005,480,722,608,627,33.5566,S,70.5995,W,15,7,2020,19,6,57,,26.17,940.68,620.42
005,477,743,590,614,33.5566,S,70.5994,W,15,7,2020,19,10,39,634.70,25.92,940.75,619.80
005,465,731,583,609,33.5566,S,70.5994,W,15,7,2020,19,11,18,634.70,25.92,940.75,619.80
005,468,727,524,610,33.5566,S,70.5994,W,15,7,2020,19,11,57,,25.92,940.75,619.80
005,439,688,524,568,33.5566,S,70.5995,W,15,7,2020,19,15,39,631.60,25.31,940.73,619.97
005,433,692,534,569,33.5566,S,70.5995,W,15,7,2020,19,16,18,631.60,25.31,940.73,619.97
005,363,675,511,417,33.5566,S,70.5995,W,15,7,2020,19,16,57,,25.31,940.73,619.97
005,403,646,507,529,33.5566,S,70.5995,W,15,7,2020,19,20,39,634.90,25.43,940.76,619.77
005,401,636,503,520,33.5566,S,70.5995,W,15,7,2020,19,21,18,634.90,25.43,940.76,619.77
005,403,617,502,520,33.5566,S,70.5995,W,15,7,2020,19,21,57,,25.43,940.76,619.77
005,9,5,7,4,33.5566,S,70.5994,W,15,7,2020,19,37,15,633.60,24.19,940.88,618.64
005,0,0,0,0,33.5566,S,70.5994,W,15,7,2020,19,37,16,633.60,24.19,940.88,618.64
005,0,0,0,0,33.5566,S,70.5994,W,15,7,2020,19,37,17,633.60,24.19,940.88,618.64
005,357,548,414,440,33.5566,S,70.5995,W,15,7,2020,19,40,39,634.60,24.16,940.96,617.98
005,345,539,380,442,33.5566,S,70.5995,W,15,7,2020,19,41,18,634.60,24.16,940.96,617.98
005,351,544,423,439,33.5566,S,70.5995,W,15,7,2020,19,41,57,,24.16,940.96,617.98
005,248,492,303,278,33.5566,S,70.5995,W,15,7,2020,19,45,39,634.30,24.12,940.95,618.02
005,302,396,390,316,33.5566,S,70.5995,W,15,7,2020,19,46,18,634.30,24.12,940.95,618.02
005,319,497,388,407,33.5566,S,70.5995,W,15,7,2020,19,46,57,,24.12,940.95,618.02
005,303,467,387,388,33.5566,S,70.5995,W,15,7,2020,19,50,39,634.00,23.63,940.92,618.31
005,300,443,375,396,33.5566,S,70.5995,W,15,7,2020,19,51,18,634.00,23.63,940.92,618.31
005,312,501,323,397,33.5566,S,70.5995,W,15,7,2020,19,51,57,,23.63,940.92,618.31
005,304,445,349,376,33.5566,S,70.5994,W,15,7,2020,19,55,39,635.20,23.66,940.96,617.95
005,287,452,350,339,33.5566,S,70.5994,W,15,7,2020,19,56,18,635.20,23.66,940.96,617.95
005,240,437,315,259,33.5566,S,70.5994,W,15,7,2020,19,56,57,,23.66,940.96,617.95
005,144,356,92,128,33.5566,S,70.5995,W,15,7,2020,20,0,39,633.90,22.97,941.18,616.05
005,247,285,316,317,33.5566,S,70.5995,W,15,7,2020,20,1,18,633.90,22.97,941.18,616.05
005,265,399,301,334,33.5566,S,70.5995,W,15,7,2020,20,1,57,,22.97,941.18,616.05
005,155,324,238,156,33.5566,S,70.5995,W,15,7,2020,20,5,39,636.80,22.42,941.29,615.02
005,234,358,276,291,33.5566,S,70.5995,W,15,7,2020,20,6,18,636.80,22.42,941.29,615.02
005,220,342,282,284,33.5566,S,70.5995,W,15,7,2020,20,6,57,,22.42,941.29,615.02
005,224,350,262,279,33.5566,S,70.5994,W,15,7,2020,20,10,39,635.10,22.03,941.33,614.69
005,223,348,270,278,33.5566,S,70.5994,W,15,7,2020,20,11,18,635.10,22.03,941.33,614.69
005,198,347,252,234,33.5566,S,70.5994,W,15,7,2020,20,11,57,,22.03,941.33,614.69
005,185,312,230,224,33.5566,S,70.5994,W,15,7,2020,20,15,39,625.70,21.42,941.40,614.06
005,202,308,219,243,33.5566,S,70.5994,W,15,7,2020,20,16,18,625.70,21.42,941.40,614.06
005,176,299,200,169,33.5566,S,70.5994,W,15,7,2020,20,16,57,,21.42,941.40,614.06
005,189,283,226,230,33.5567,S,70.5994,W,15,7,2020,20,20,39,637.80,21.37,941.41,613.98
005,186,288,211,235,33.5567,S,70.5994,W,15,7,2020,20,21,18,637.80,21.37,941.41,613.98
005,173,291,136,203,33.5567,S,70.5994,W,15,7,2020,20,21,57,,21.37,941.41,613.98
005,116,243,173,119,33.5566,S,70.5994,W,15,7,2020,20,25,39,632.90,21.09,941.60,612.28
005,166,252,175,202,33.5566,S,70.5994,W,15,7,2020,20,26,18,632.90,21.09,941.60,612.28
005,143,248,117,178,33.5566,S,70.5994,W,15,7,2020,20,26,57,,21.09,941.60,612.28
005,146,231,164,184,33.5566,S,70.5994,W,15,7,2020,20,30,39,629.30,20.81,941.68,611.61
005,138,183,179,179,33.5566,S,70.5994,W,15,7,2020,20,31,18,629.30,20.81,941.68,611.61
005,131,220,165,167,33.5566,S,70.5994,W,15,7,2020,20,31,57,,20.81,941.68,611.61
005,130,175,145,155,33.5566,S,70.5995,W,15,7,2020,20,35,39,635.40,20.45,941.66,611.79
005,130,197,149,151,33.5566,S,70.5995,W,15,7,2020,20,36,18,635.40,20.45,941.66,611.79
005,117,198,142,126,33.5566,S,70.5995,W,15,7,2020,20,36,57,,20.45,941.66,611.79
005,55,138,66,61,33.5566,S,70.5995,W,15,7,2020,20,40,39,631.60,20.19,941.76,610.90
005,103,170,115,124,33.5566,S,70.5995,W,15,7,2020,20,41,18,631.60,20.19,941.76,610.90
005,96,161,112,104,33.5566,S,70.5995,W,15,7,2020,20,41,57,,20.19,941.76,610.90
005,97,150,119,120,33.5566,S,70.5995,W,15,7,2020,20,45,39,636.00,19.84,941.81,610.50
005,58,132,79,60,33.5566,S,70.5995,W,15,7,2020,20,46,18,636.00,19.84,941.81,610.50
005,94,150,108,114,33.5566,S,70.5995,W,15,7,2020,20,46,57,,19.84,941.81,610.50
005,81,132,92,98,33.5566,S,70.5995,W,15,7,2020,20,50,39,638.00,19.69,941.87,609.91
005,81,121,87,96,33.5566,S,70.5995,W,15,7,2020,20,51,18,638.00,19.69,941.87,609.91
005,63,102,90,77,33.5566,S,70.5995,W,15,7,2020,20,51,57,,19.69,941.87,609.91
005,70,107,76,77,33.5566,S,70.5995,W,15,7,2020,20,55,39,635.10,19.29,941.87,609.93
005,70,102,69,80,33.5566,S,70.5995,W,15,7,2020,20,56,18,635.10,19.29,941.87,609.93
005,54,95,50,60,33.5566,S,70.5995,W,15,7,2020,20,56,57,,19.29,941.87,609.93
005,36,53,56,58,33.5566,S,70.5995,W,15,7,2020,21,0,39,636.70,18.82,942.00,608.79
005,48,65,57,60,33.5566,S,70.5995,W,15,7,2020,21,1,18,636.70,18.82,942.00,608.79
005,45,55,54,53,33.5566,S,70.5995,W,15,7,2020,21,1,57,,18.82,942.00,608.79
005,27,48,33,22,33.5566,S,70.5994,W,15,7,2020,21,5,39,638.80,18.27,942.10,607.94
005,25,29,34,21,33.5566,S,70.5994,W,15,7,2020,21,6,18,638.80,18.27,942.10,607.94
005,28,46,35,38,33.5566,S,70.5994,W,15,7,2020,21,6,57,,18.27,942.10,607.94
005,20,6,67,6,33.5566,S,70.5995,W,16,7,2020,12,30,39,629.70,5.04,943.57,594.96
005,14,6,27,7,33.5566,S,70.5995,W,16,7,2020,12,31,18,629.70,5.04,943.57,594.96
005,16,5,28,6,33.5566,S,70.5995,W,16,7,2020,12,31,57,,5.04,943.57,594.96
005,14,5,38,5,33.5567,S,70.5995,W,16,7,2020,12,35,39,628.40,5.22,943.60,594.67
005,17,6,33,7,33.5567,S,70.5995,W,16,7,2020,12,36,18,628.40,5.22,943.60,594.67
005,20,5,24,6,33.5567,S,70.5995,W,16,7,2020,12,36,57,,5.22,943.60,594.67
005,14,5,27,6,33.5566,S,70.5995,W,16,7,2020,12,40,39,632.20,5.46,943.55,595.12
005,20,6,33,5,33.5566,S,70.5995,W,16,7,2020,12,41,18,632.20,5.46,943.55,595.12
005,22,5,35,6,33.5566,S,70.5995,W,16,7,2020,12,41,57,,5.46,943.55,595.12
005,16,5,29,6,33.5566,S,70.5995,W,16,7,2020,12,45,39,633.80,5.72,943.50,595.52
005,18,5,34,7,33.5566,S,70.5995,W,16,7,2020,12,46,18,633.80,5.72,943.50,595.52
005,20,5,31,5,33.5566,S,70.5995,W,16,7,2020,12,46,57,,5.72,943.50,595.52
005,18,7,25,7,33.5566,S,70.5995,W,16,7,2020,12,50,39,634.70,6.01,943.36,596.75
005,18,7,28,7,33.5566,S,70.5995,W,16,7,2020,12,51,18,634.70,6.01,943.36,596.75
005,22,5,29,6,33.5566,S,70.5995,W,16,7,2020,12,51,57,,6.01,943.36,596.75
005,16,5,23,5,33.5566,S,70.5995,W,16,7,2020,12,55,39,629.70,6.28,943.26,597.61
005,21,6,23,6,33.5566,S,70.5995,W,16,7,2020,12,56,18,629.70,6.28,943.26,597.61
005,20,6,26,6,33.5566,S,70.5995,W,16,7,2020,12,56,57,,6.28,943.26,597.61
005,17,6,22,7,33.5566,S,70.5995,W,16,7,2020,13,0,39,635.70,6.65,943.08,599.23
005,18,5,21,5,33.5566,S,70.5995,W,16,7,2020,13,1,18,635.70,6.65,943.08,599.23
005,29,6,23,6,33.5566,S,70.5995,W,16,7,2020,13,1,57,,6.65,943.08,599.23
005,18,6,24,7,33.5566,S,70.5995,W,16,7,2020,13,5,39,634.60,7.00,942.93,600.60
005,18,6,44,6,33.5566,S,70.5995,W,16,7,2020,13,6,18,634.60,7.00,942.93,600.60
005,25,5,21,6,33.5566,S,70.5995,W,16,7,2020,13,6,57,,7.00,942.93,600.60
005,18,5,21,7,33.5566,S,70.5995,W,16,7,2020,13,10,39,624.70,7.34,942.84,601.38
005,18,6,43,6,33.5566,S,70.5995,W,16,7,2020,13,11,18,624.70,7.34,942.84,601.38
005,17,6,22,6,33.5566,S,70.5995,W,16,7,2020,13,11,57,,7.34,942.84,601.38
005,18,6,19,6,33.5566,S,70.5995,W,16,7,2020,13,15,39,625.70,7.66,942.91,600.70
005,18,6,22,7,33.5566,S,70.5995,W,16,7,2020,13,16,18,625.70,7.66,942.91,600.70
005,17,6,19,6,33.5566,S,70.5995,W,16,7,2020,13,16,57,,7.66,942.91,600.70
005,27,6,19,6,33.5566,S,70.5995,W,16,7,2020,13,20,39,625.40,7.94,942.83,601.46
005,19,6,31,6,33.5566,S,70.5995,W,16,7,2020,13,21,18,625.40,7.94,942.83,601.46
005,17,6,27,5,33.5566,S,70.5995,W,16,7,2020,13,21,57,,7.94,942.83,601.46
005,17,6,26,6,33.5566,S,70.5995,W,16,7,2020,13,25,39,625.90,8.23,942.68,602.76
005,19,5,26,5,33.5566,S,70.5995,W,16,7,2020,13,26,18,625.90,8.23,942.68,602.76
005,17,5,30,5,33.5566,S,70.5995,W,16,7,2020,13,26,57,,8.23,942.68,602.76
005,14,4,16,5,33.5566,S,70.5995,W,0,0,2000,13,32,14,624.20,8.34,942.74,602.24
005,0,0,0,0,33.5566,S,70.5995,W,16,7,2020,13,32,15,624.20,8.34,942.74,602.24
005,0,0,0,0,33.5566,S,70.5995,W,16,7,2020,13,32,17,624.20,8.34,942.74,602.24
005,17,6,27,6,33.5566,S,70.5995,W,16,7,2020,13,35,39,626.50,8.69,942.69,602.73
005,18,6,21,6,33.5566,S,70.5995,W,16,7,2020,13,36,18,626.50,8.69,942.69,602.73
005,18,5,18,5,33.5566,S,70.5995,W,16,7,2020,13,36,57,,8.69,942.69,602.73
005,17,5,18,6,33.5566,S,70.5995,W,16,7,2020,13,40,39,631.10,8.99,942.70,602.63
005,18,5,19,5,33.5566,S,70.5995,W,16,7,2020,13,41,18,631.10,8.99,942.70,602.63
005,23,6,19,6,33.5566,S,70.5995,W,16,7,2020,13,41,57,,8.99,942.70,602.63
005,18,5,17,5,33.5566,S,70.5995,W,16,7,2020,13,45,39,626.40,9.22,942.78,601.92
005,17,6,18,6,33.5566,S,70.5995,W,16,7,2020,13,46,18,626.40,9.22,942.78,601.92
005,17,6,20,5,33.5566,S,70.5995,W,16,7,2020,13,46,57,,9.22,942.78,601.92
005,17,5,18,5,33.5566,S,70.5995,W,16,7,2020,13,50,39,630.20,9.61,942.74,602.22
005,18,5,18,6,33.5566,S,70.5995,W,16,7,2020,13,51,18,630.20,9.61,942.74,602.22
005,17,5,21,7,33.5566,S,70.5995,W,16,7,2020,13,51,57,,9.61,942.74,602.22
005,17,5,29,6,33.5566,S,70.5995,W,16,7,2020,13,55,39,627.60,9.86,942.91,600.73
005,23,5,23,6,33.5566,S,70.5995,W,16,7,2020,13,56,18,627.60,9.86,942.91,600.73
005,19,5,18,6,33.5566,S,70.5995,W,16,7,2020,13,56,57,,9.86,942.91,600.73
005,17,6,18,6,33.5566,S,70.5995,W,16,7,2020,14,0,39,629.20,10.01,942.90,600.85
005,16,5,17,6,33.5566,S,70.5995,W,16,7,2020,14,1,18,629.20,10.01,942.90,600.85
005,17,6,18,5,33.5566,S,70.5995,W,16,7,2020,14,1,57,,10.01,942.90,600.85
005,15,5,17,6,33.5566,S,70.5995,W,16,7,2020,14,5,39,630.70,10.26,943.03,599.64
005,15,5,15,5,33.5566,S,70.5995,W,16,7,2020,14,6,18,630.70,10.26,943.03,599.64
005,17,5,17,6,33.5566,S,70.5995,W,16,7,2020,14,6,57,,10.26,943.03,599.64
005,13,4,13,4,33.5566,S,70.5995,W,0,0,2000,14,12,14,632.40,10.51,943.15,598.66
005,0,0,0,0,33.5566,S,70.5995,W,16,7,2020,14,12,16,632.40,10.51,943.15,598.66
005,0,0,0,0,33.5566,S,70.5995,W,16,7,2020,14,12,17,632.40,10.51,943.15,598.66
005,13,4,12,4,33.5566,S,70.5995,W,0,0,2000,14,17,14,631.60,10.75,943.32,597.13
005,0,0,0,0,33.5566,S,70.5995,W,16,7,2020,14,17,16,631.60,10.75,943.32,597.13
005,0,0,0,0,33.5566,S,70.5995,W,16,7,2020,14,17,17,631.60,10.75,943.32,597.13
005,13,4,10,4,33.5566,S,70.5995,W,0,0,2000,14,22,14,631.60,10.95,943.30,597.33
005,0,0,0,0,33.5566,S,70.5995,W,16,7,2020,14,22,16,631.60,10.95,943.30,597.33
005,0,0,0,0,33.5566,S,70.5995,W,16,7,2020,14,22,17,631.60,10.95,943.30,597.33
005,14,5,10,5,33.5566,S,70.5995,W,16,7,2020,14,25,39,630.40,11.28,943.32,597.14
005,15,5,9,5,33.5566,S,70.5995,W,16,7,2020,14,26,18,630.40,11.28,943.32,597.14
005,15,6,11,5,33.5566,S,70.5995,W,16,7,2020,14,26,57,,11.28,943.32,597.14
005,15,6,9,5,33.5567,S,70.5995,W,16,7,2020,14,30,39,633.10,11.70,943.33,597.00
005,15,5,8,5,33.5567,S,70.5995,W,16,7,2020,14,31,18,633.10,11.70,943.33,597.00
005,15,5,8,5,33.5567,S,70.5995,W,16,7,2020,14,31,57,633.10,11.70,943.33,597.00
005,15,5,8,4,33.5566,S,70.5995,W,16,7,2020,14,35,39,633.40,11.96,943.26,597.64
005,16,5,7,5,33.5566,S,70.5995,W,16,7,2020,14,36,18,633.40,11.96,943.26,597.64
005,16,5,8,5,33.5566,S,70.5995,W,16,7,2020,14,36,57,633.40,11.96,943.26,597.64
005,13,4,9,4,33.5566,S,70.5995,W,0,0,2000,14,42,14,633.20,12.02,943.08,599.27
005,0,0,0,0,33.5566,S,70.5995,W,16,7,2020,14,42,16,633.20,12.02,943.08,599.27
005,0,0,0,0,33.5566,S,70.5995,W,16,7,2020,14,42,17,633.20,12.02,943.08,599.27
005,17,5,9,4,33.5566,S,70.5995,W,16,7,2020,16,0,39,634.40,12.35,942.86,601.22
005,15,5,8,4,33.5566,S,70.5995,W,16,7,2020,16,1,18,634.40,12.35,942.86,601.22
005,15,5,10,5,33.5566,S,70.5995,W,16,7,2020,16,1,57,,12.35,942.86,601.22
005,15,5,8,4,33.5566,S,70.5995,W,16,7,2020,16,5,39,628.90,12.50,942.88,601.04
005,16,5,9,4,33.5566,S,70.5995,W,16,7,2020,16,6,18,628.90,12.50,942.88,601.04
005,15,5,8,4,33.5566,S,70.5995,W,16,7,2020,16,6,57,628.90,12.50,942.88,601.04
005,14,5,9,4,33.5566,S,70.5995,W,16,7,2020,16,10,39,639.90,12.58,942.93,600.59
005,16,5,8,4,33.5566,S,70.5995,W,16,7,2020,16,11,18,639.90,12.58,942.93,600.59
005,22,5,8,4,33.5566,S,70.5995,W,16,7,2020,16,11,57,639.90,12.58,942.93,600.59
005,15,5,7,4,33.5566,S,70.5995,W,16,7,2020,16,15,39,633.00,12.51,942.83,601.43
005,14,5,11,5,33.5566,S,70.5995,W,16,7,2020,16,16,18,633.00,12.51,942.83,601.43
005,13,5,7,4,33.5566,S,70.5995,W,16,7,2020,16,16,57,633.00,12.51,942.83,601.43
005,14,5,8,4,33.5566,S,70.5995,W,16,7,2020,16,20,39,636.00,12.47,942.87,601.13
005,15,5,7,4,33.5566,S,70.5995,W,16,7,2020,16,21,18,636.00,12.47,942.87,601.13
005,15,5,9,4,33.5566,S,70.5995,W,16,7,2020,16,21,57,636.00,12.47,942.87,601.13
005,14,5,8,4,33.5566,S,70.5995,W,17,7,2020,19,30,39,634.50,13.04,940.85,618.94
005,15,6,8,5,33.5566,S,70.5995,W,17,7,2020,19,31,18,634.50,13.04,940.85,618.94
005,20,5,11,4,33.5566,S,70.5995,W,17,7,2020,19,31,57,,13.04,940.85,618.94
005,15,6,8,5,33.5566,S,70.5995,W,17,7,2020,19,35,39,631.30,12.99,940.81,619.29
005,14,5,8,5,33.5566,S,70.5995,W,17,7,2020,19,36,18,631.30,12.99,940.81,619.29
005,17,5,8,4,33.5566,S,70.5995,W,17,7,2020,19,36,57,631.30,12.99,940.81,619.29
005,15,5,7,4,33.5566,S,70.5995,W,17,7,2020,19,40,39,633.50,12.89,940.90,618.51
005,15,5,7,4,33.5566,S,70.5995,W,17,7,2020,19,41,18,633.50,12.89,940.90,618.51
005,15,5,8,4,33.5566,S,70.5995,W,17,7,2020,19,41,57,633.50,12.89,940.90,618.51
005,15,5,7,4,33.5566,S,70.5995,W,17,7,2020,19,45,39,633.70,12.72,940.99,617.68
005,15,4,7,4,33.5566,S,70.5995,W,17,7,2020,19,46,18,633.70,12.72,940.99,617.68
005,14,5,8,4,33.5566,S,70.5995,W,17,7,2020,19,46,57,633.70,12.72,940.99,617.68
005,15,5,7,4,33.5566,S,70.5994,W,17,7,2020,19,50,39,628.70,12.55,940.96,617.92
005,16,5,8,4,33.5566,S,70.5994,W,17,7,2020,19,51,18,628.70,12.55,940.96,617.92
005,24,5,8,4,33.5566,S,70.5994,W,17,7,2020,19,51,57,628.70,12.55,940.96,617.92
005,15,5,8,4,33.5565,S,70.5995,W,17,7,2020,19,55,39,622.70,12.49,941.01,617.51
005,15,5,8,4,33.5565,S,70.5995,W,17,7,2020,19,56,18,622.70,12.49,941.01,617.51
005,14,5,8,4,33.5565,S,70.5995,W,17,7,2020,19,56,57,622.70,12.49,941.01,617.51
005,16,5,8,4,33.5566,S,70.5994,W,17,7,2020,20,0,39,626.20,12.45,941.04,617.29
005,18,5,8,4,33.5566,S,70.5994,W,17,7,2020,20,1,18,626.20,12.45,941.04,617.29
005,15,5,8,4,33.5566,S,70.5994,W,17,7,2020,20,1,57,626.20,12.45,941.04,617.29
005,17,5,8,5,33.5566,S,70.5994,W,17,7,2020,20,5,39,625.10,12.33,941.08,616.93
005,15,5,8,5,33.5566,S,70.5994,W,17,7,2020,20,6,18,625.10,12.33,941.08,616.93
005,15,5,10,5,33.5566,S,70.5994,W,17,7,2020,20,6,57,,12.33,941.08,616.93
005,15,5,8,5,33.5566,S,70.5995,W,17,7,2020,20,10,39,632.70,12.19,941.18,616.00
005,15,5,8,4,33.5566,S,70.5995,W,17,7,2020,20,11,18,632.70,12.19,941.18,616.00
005,16,5,8,4,33.5566,S,70.5995,W,17,7,2020,20,11,57,632.70,12.19,941.18,616.00
005,15,5,9,4,33.5566,S,70.5995,W,17,7,2020,20,15,39,638.60,12.10,941.28,615.14
005,15,5,8,4,33.5566,S,70.5995,W,17,7,2020,20,16,18,638.60,12.10,941.28,615.14
005,15,5,8,4,33.5566,S,70.5995,W,17,7,2020,20,16,57,638.60,12.10,941.28,615.14
005,15,5,8,4,33.5566,S,70.5994,W,17,7,2020,20,20,39,629.50,12.01,941.22,615.69
005,15,5,8,4,33.5566,S,70.5994,W,17,7,2020,20,21,18,629.50,12.01,941.22,615.69
005,16,5,8,4,33.5566,S,70.5994,W,17,7,2020,20,21,57,629.50,12.01,941.22,615.69
005,15,5,8,4,33.5566,S,70.5995,W,17,7,2020,20,25,39,629.30,11.89,941.22,615.67
005,15,4,8,4,33.5566,S,70.5995,W,17,7,2020,20,26,18,629.30,11.89,941.22,615.67
005,18,4,8,4,33.5566,S,70.5995,W,17,7,2020,20,26,57,629.30,11.89,941.22,615.67
005,17,5,8,4,33.5566,S,70.5995,W,17,7,2020,20,35,39,636.50,11.64,941.32,614.78
005,16,5,8,4,33.5566,S,70.5995,W,17,7,2020,20,36,18,636.50,11.64,941.32,614.78
005,16,4,8,4,33.5566,S,70.5995,W,17,7,2020,20,36,57,636.50,11.64,941.32,614.78
005,16,5,8,4,33.5566,S,70.5995,W,17,7,2020,20,45,39,636.90,11.49,941.06,617.04
005,15,5,8,4,33.5566,S,70.5995,W,17,7,2020,20,46,18,636.90,11.49,941.06,617.04
005,15,5,8,4,33.5566,S,70.5995,W,17,7,2020,20,46,57,636.90,11.49,941.06,617.04
005,16,4,8,4,33.5566,S,70.5995,W,17,7,2020,20,50,39,636.00,11.43,941.14,616.36
005,16,5,8,4,33.5566,S,70.5995,W,17,7,2020,20,51,18,636.00,11.43,941.14,616.36
005,16,4,8,4,33.5566,S,70.5995,W,17,7,2020,20,51,57,636.00,11.43,941.14,616.36
