005,5,4,5,4,33.5566,S,70.5995,W,15,8,2020,15,12,16,635.70,15.15,947.28,562.28
005,0,0,0,0,33.5566,S,70.5995,W,15,8,2020,15,12,17,635.70,15.15,947.28,562.28
005,0,0,0,0,33.5566,S,70.5995,W,15,8,2020,15,12,18,635.70,15.15,947.28,562.28
005,432,744,575,553,33.5566,S,70.5995,W,0,0,2000,15,15,40,631.70,16.42,947.26,562.47
005,361,726,513,569,33.5566,S,70.5995,W,15,8,2020,15,16,20,631.70,16.42,947.26,562.47
005,428,757,573,553,33.5566,S,70.5995,W,15,8,2020,15,16,59,,16.42,947.26,562.47
005,5,4,6,4,33.5566,S,70.5995,W,15,8,2020,16,17,16,639.00,19.75,946.53,568.87
005,0,0,0,0,33.5566,S,70.5995,W,15,8,2020,16,17,17,639.00,19.75,946.53,568.87
005,0,0,0,0,33.5566,S,70.5995,W,15,8,2020,16,17,18,639.00,19.75,946.53,568.87
005,445,838,630,645,33.5566,S,70.5995,W,0,0,2000,16,20,40,641.00,19.37,946.46,569.46
005,476,833,623,646,33.5566,S,70.5995,W,15,8,2020,16,21,20,641.00,19.37,946.46,569.46
005,455,849,622,627,33.5566,S,70.5995,W,15,8,2020,16,21,59,,19.37,946.46,569.46
005,5,4,5,4,33.5566,S,70.5995,W,15,8,2020,16,27,16,634.30,19.04,946.33,570.57
005,0,0,0,0,33.5566,S,70.5995,W,15,8,2020,16,27,17,634.30,19.04,946.33,570.57
005,0,0,0,0,33.5566,S,70.5995,W,15,8,2020,16,27,18,634.30,19.04,946.33,570.57
005,5,4,5,4,33.5566,S,70.5995,W,15,8,2020,16,32,16,634.30,19.90,946.16,572.11
005,0,0,0,0,33.5566,S,70.5995,W,15,8,2020,16,32,17,634.30,19.90,946.16,572.11
005,0,0,0,0,33.5566,S,70.5995,W,15,8,2020,16,32,18,634.30,19.90,946.16,572.11
005,404,793,511,584,33.5566,S,70.5995,W,15,8,2020,16,45,40,637.70,18.29,946.14,572.25
005,441,785,566,585,33.5566,S,70.5995,W,15,8,2020,16,46,20,637.70,18.29,946.14,572.25
005,427,769,556,575,33.5566,S,70.5995,W,15,8,2020,16,46,59,,18.29,946.14,572.25
005,431,760,565,586,33.5566,S,70.5995,W,0,0,2000,16,50,40,636.40,17.78,945.95,573.97
005,419,792,493,586,33.5566,S,70.5995,W,15,8,2020,16,51,20,636.40,17.78,945.95,573.97
005,418,808,453,605,33.5566,S,70.5995,W,15,8,2020,16,51,59,,17.78,945.95,573.97
005,470,800,612,615,33.5566,S,70.5995,W,0,0,2000,16,55,40,638.70,19.67,945.83,575.05
005,449,831,602,590,33.5566,S,70.5995,W,15,8,2020,16,56,20,638.70,19.67,945.83,575.05
005,458,829,603,627,33.5566,S,70.5995,W,15,8,2020,16,56,59,,19.67,945.83,575.05
005,433,788,574,614,33.5566,S,70.5995,W,0,0,2000,17,0,40,640.10,19.11,945.87,574.68
005,409,816,489,607,33.5566,S,70.5995,W,15,8,2020,17,1,20,640.10,19.11,945.87,574.68
005,430,736,568,577,33.5566,S,70.5995,W,15,8,2020,17,1,59,,19.11,945.87,574.68
005,6,4,6,4,33.5566,S,70.5995,W,15,8,2020,17,12,16,638.40,20.13,945.64,576.67
005,0,0,0,0,33.5566,S,70.5995,W,15,8,2020,17,12,17,638.40,20.13,945.64,576.67
005,0,0,0,0,33.5566,S,70.5995,W,15,8,2020,17,12,18,638.40,20.13,945.64,576.67
005,5,4,5,4,33.5566,S,70.5995,W,15,8,2020,17,17,16,640.50,20.40,945.52,577.76
005,0,0,0,0,33.5566,S,70.5995,W,15,8,2020,17,17,17,640.50,20.40,945.52,577.76
005,0,0,0,0,33.5566,S,70.5995,W,15,8,2020,17,17,18,640.50,20.40,945.52,577.76
005,417,730,513,568,33.5566,S,70.5995,W,0,0,2000,17,20,40,640.20,20.68,945.40,578.81
005,408,809,573,606,33.5566,S,70.5995,W,15,8,2020,17,21,20,640.20,20.68,945.40,578.81
005,429,782,535,529,33.5566,S,70.5995,W,15,8,2020,17,21,59,,20.68,945.40,578.81
005,5,4,6,4,33.5566,S,70.5995,W,15,8,2020,17,27,16,640.40,20.22,945.29,579.80
005,0,0,0,0,33.5566,S,70.5995,W,15,8,2020,17,27,17,640.40,20.22,945.29,579.80
005,0,0,0,0,33.5566,S,70.5995,W,15,8,2020,17,27,18,640.40,20.22,945.29,579.80
005,386,783,545,585,33.5566,S,70.5995,W,0,0,2000,17,35,40,635.20,19.71,945.25,580.12
005,372,790,542,581,33.5566,S,70.5995,W,15,8,2020,17,36,20,635.20,19.71,945.25,580.12
005,431,796,560,601,33.5566,S,70.5995,W,15,8,2020,17,36,59,,19.71,945.25,580.12
005,5,4,5,4,33.5566,S,70.5995,W,15,8,2020,17,42,16,636.80,20.66,945.03,582.03
005,0,0,0,0,33.5566,S,70.5995,W,15,8,2020,17,42,17,636.80,20.66,945.03,582.03
005,0,0,0,0,33.5566,S,70.5995,W,15,8,2020,17,42,18,636.80,20.66,945.03,582.03
005,422,751,543,587,33.5565,S,70.5995,W,15,8,2020,18,0,40,627.80,21.65,944.87,583.48
005,435,783,560,572,33.5565,S,70.5995,W,15,8,2020,18,1,20,627.80,21.65,944.87,583.48
005,401,785,528,467,33.5565,S,70.5995,W,15,8,2020,18,1,59,,21.65,944.87,583.48
005,409,766,536,575,33.5566,S,70.5995,W,15,8,2020,18,5,40,631.10,22.69,944.72,584.74
005,412,792,490,563,33.5566,S,70.5995,W,15,8,2020,18,6,20,631.10,22.69,944.72,584.74
005,417,690,465,497,33.5566,S,70.5995,W,15,8,2020,18,6,59,,22.69,944.72,584.74
005,421,813,555,583,33.5566,S,70.5994,W,15,8,2020,18,10,41,0.00,20.49,944.81,583.98
005,428,809,567,606,33.5566,S,70.5994,W,15,8,2020,18,11,20,0.00,20.49,944.81,583.98
005,438,784,569,583,33.5566,S,70.5994,W,15,8,2020,18,11,59,,20.49,944.81,583.98
005,444,799,608,642,33.5566,S,70.5994,W,15,8,2020,18,15,41,629.90,21.13,944.68,585.10
005,434,787,604,624,33.5566,S,70.5994,W,15,8,2020,18,16,20,629.90,21.13,944.68,585.10
005,359,798,544,623,33.5566,S,70.5994,W,15,8,2020,18,16,59,,21.13,944.68,585.10
005,483,888,637,660,33.5566,S,70.5995,W,0,0,2000,18,20,40,627.70,19.82,944.67,585.21
005,417,889,596,675,33.5566,S,70.5995,W,15,8,2020,18,21,20,627.70,19.82,944.67,585.21
005,473,892,617,637,33.5566,S,70.5995,W,15,8,2020,18,21,59,,19.82,944.67,585.21
005,373,659,574,635,33.5566,S,70.5995,W,15,8,2020,18,25,40,633.60,18.36,944.76,584.40
005,472,891,564,668,33.5566,S,70.5995,W,15,8,2020,18,26,20,633.60,18.36,944.76,584.40
005,389,743,603,573,33.5566,S,70.5995,W,15,8,2020,18,26,59,,18.36,944.76,584.40
005,479,855,608,601,33.5566,S,70.5994,W,15,8,2020,18,30,40,631.70,19.64,944.66,585.28
005,465,884,632,652,33.5566,S,70.5994,W,15,8,2020,18,31,20,631.70,19.64,944.66,585.28
005,458,835,623,597,33.5566,S,70.5994,W,15,8,2020,18,31,59,,19.64,944.66,585.28
005,396,838,571,641,33.5566,S,70.5995,W,15,8,2020,18,35,40,630.70,20.04,944.58,586.04
005,448,860,591,653,33.5566,S,70.5995,W,15,8,2020,18,36,19,630.70,20.04,944.58,586.04
005,464,815,625,652,33.5566,S,70.5995,W,15,8,2020,18,36,59,,20.04,944.58,586.04
005,462,864,620,634,33.5566,S,70.5995,W,15,8,2020,18,40,40,632.10,20.45,944.64,585.51
005,477,850,628,659,33.5566,S,70.5995,W,15,8,2020,18,41,20,632.10,20.45,944.64,585.51
005,472,889,588,659,33.5566,S,7070.5994,W,15,8,2020,18,31,59,,19.64,944.66,585.28
005,396,838,571,641,33.5566,S,70.5995,W,15,8,2020,18,35,40,630.70,20.04,944.58,586.04
005,448,860,591,653,33.5566,S,70.5995,W,15,8,2020,18,36,19,630.70,20.04,944.58,586.04
005,464,815,625,652,33.5566,S,70.5995,W,15,8,2020,18,36,59,,20.04,944.58,586.04
005,462,864,620,634,33.5566,S,70.5995,W,15,8,2020,18,40,40,632.10,20.45,944.64,585.51
005,477,850,628,659,33.5566,S,70.5995,W,15,8,2020,18,41,20,632.10,20.45,944.64,585.51                                                                                                                                                                                                                                                                                                                                                                                                                                                                                                                                                                                                                                                                                                                                                                                                                                                                                                                                                                                                                                                                                                                                                                                                                                                                                                                                                                                    