008,1091,892,929,1106,33.5567,S,70.5995,W,13,7,2020,15,33,45,0.00,24.82,948.93,547.77
008,1122,876,932,1087,33.5567,S,70.5995,W,13,7,2020,15,34,24,630.90,24.82,948.93,547.77
008,1171,967,905,1090,33.5567,S,70.5995,W,13,7,2020,15,35,4,,24.82,948.93,547.77
008,6,5,5,4,33.5567,S,70.5995,W,13,7,2020,15,47,19,624.40,26.17,948.72,549.64
008,0,0,0,0,33.5566,S,70.5995,W,13,7,2020,15,47,20,624.40,26.17,948.72,549.64
008,0,0,0,0,33.5566,S,70.5995,W,13,7,2020,15,47,21,624.40,26.17,948.72,549.64
008,5,5,5,4,33.5566,S,70.5995,W,13,7,2020,15,52,19,631.30,26.86,948.89,548.11
008,0,0,0,0,33.5566,S,70.5995,W,13,7,2020,15,52,20,631.30,26.86,948.89,548.11
008,0,0,0,0,33.5566,S,70.5995,W,13,7,2020,15,52,21,631.30,26.86,948.89,548.11
008,5,5,5,4,33.5566,S,70.5995,W,13,7,2020,15,57,19,631.00,27.57,948.77,549.18
008,0,0,0,0,33.5566,S,70.5995,W,13,7,2020,15,57,20,631.00,27.57,948.77,549.18
008,0,0,0,0,33.5566,S,70.5995,W,13,7,2020,15,57,21,631.00,27.57,948.77,549.18
008,5,5,5,5,33.5566,S,70.5995,W,13,7,2020,16,2,19,626.70,27.14,948.55,551.06
008,0,0,0,0,33.5566,S,70.5995,W,13,7,2020,16,2,20,626.70,27.14,948.55,551.06
008,0,0,0,0,33.5566,S,70.5995,W,13,7,2020,16,2,21,626.70,27.14,948.55,551.06
008,1348,1115,1058,1315,33.5566,S,70.5995,W,13,7,2020,16,5,43,624.40,26.65,948.59,550.71
008,1246,1126,1037,1273,33.5566,S,70.5995,W,13,7,2020,16,6,22,625.40,26.65,948.59,550.71
008,1301,1128,1044,1228,33.5567,S,70.5995,W,13,7,2020,16,7,1,,26.65,948.59,550.71
008,1243,1073,981,1200,33.5566,S,70.5995,W,13,7,2020,16,10,43,627.00,26.85,948.57,550.91
008,1128,895,976,1219,33.5566,S,70.5995,W,13,7,2020,16,11,22,626.00,26.85,948.57,550.91
008,1220,1026,967,1146,33.5566,S,70.5995,W,13,7,2020,16,12,1,,26.85,948.57,550.91
008,1175,983,940,1107,33.5566,S,70.5995,W,13,7,2020,16,15,43,623.00,27.21,948.40,552.45
008,1190,1050,967,993,33.5566,S,70.5995,W,13,7,2020,16,16,22,626.10,27.21,948.40,552.45
008,1303,1084,1022,1149,33.5566,S,70.5995,W,13,7,2020,16,17,1,,27.21,948.40,552.45
008,5,5,5,4,33.5566,S,70.5995,W,13,7,2020,16,22,19,622.60,27.44,948.29,553.40
008,0,0,0,0,33.5566,S,70.5995,W,13,7,2020,16,22,20,622.60,27.44,948.29,553.40
008,0,0,0,0,33.5566,S,70.5995,W,13,7,2020,16,22,21,622.60,27.44,948.29,553.40
008,1295,1069,992,1036,33.5566,S,70.5995,W,13,7,2020,16,25,43,628.70,27.31,948.44,552.05
008,1292,1080,1008,1226,33.5566,S,70.5995,W,13,7,2020,16,26,22,626.80,27.31,948.44,552.05
008,1247,969,992,1259,33.5566,S,70.5995,W,13,7,2020,16,27,1,,27.31,948.44,552.05
008,5,5,5,5,33.5566,S,70.5995,W,13,7,2020,16,32,19,624.70,27.87,948.28,553.45
008,0,0,0,0,33.5566,S,70.5995,W,13,7,2020,16,32,20,624.70,27.87,948.28,553.45
008,0,0,0,0,33.5566,S,70.5995,W,13,7,2020,16,32,21,624.70,27.87,948.28,553.45
008,1338,1081,1038,1220,33.5566,S,70.5995,W,13,7,2020,16,35,43,631.60,28.40,948.24,553.82
008,1336,1107,1031,1279,33.5566,S,70.5995,W,13,7,2020,16,36,22,629.80,28.40,948.24,553.82
008,764,620,962,967,33.5566,S,70.5995,W,13,7,2020,16,37,1,,28.40,948.24,553.82
008,5,5,5,5,33.5566,S,70.5996,W,13,7,2020,16,42,19,633.50,28.74,948.08,555.18
008,0,0,0,0,33.5566,S,70.5996,W,13,7,2020,16,42,20,633.50,28.74,948.08,555.18
008,0,0,0,0,33.5566,S,70.5996,W,13,7,2020,16,42,21,633.50,28.74,948.08,555.18
008,1388,1139,1094,1348,33.5566,S,70.5995,W,13,7,2020,16,45,43,630.30,28.70,948.08,555.22
008,1399,1164,1088,1343,33.5566,S,70.5995,W,13,7,2020,16,46,22,631.70,28.70,948.08,555.22
008,1393,1156,1009,1347,33.5566,S,70.5995,W,13,7,2020,16,47,1,,28.70,948.08,555.22
008,1299,1072,998,1252,33.5565,S,70.5995,W,13,7,2020,16,50,43,628.70,28.56,947.97,556.20
008,1221,1101,1014,1265,33.5566,S,70.5995,W,13,7,2020,16,51,22,630.90,28.56,947.97,556.20
008,1294,1065,949,1248,33.5566,S,70.5995,W,13,7,2020,16,52,1,,28.56,947.97,556.20
008,5,5,5,5,33.5565,S,70.5995,W,13,7,2020,16,57,19,626.70,29.11,947.94,556.41
008,0,0,0,0,33.5565,S,70.5995,W,13,7,2020,16,57,20,626.70,29.11,947.94,556.41
008,0,0,0,0,33.5565,S,70.5995,W,13,7,2020,16,57,21,626.70,29.11,947.94,556.41
008,5,5,5,5,33.5566,S,70.5995,W,13,7,2020,17,12,19,632.50,29.35,947.70,558.52
008,0,0,0,0,33.5566,S,70.5995,W,13,7,2020,17,12,20,632.50,29.35,947.70,558.52
008,0,0,0,0,33.5566,S,70.5995,W,13,7,2020,17,12,21,632.50,29.35,947.70,558.52
008,1310,1036,1014,1214,33.5565,S,70.5995,W,13,7,2020,17,15,43,625.70,29.24,947.72,558.42
008,1123,1041,988,1185,33.5565,S,70.5995,W,13,7,2020,17,16,22,627.00,29.24,947.72,558.42
008,1224,874,965,1195,33.5565,S,70.5995,W,13,7,2020,17,17,1,,29.24,947.72,558.42
008,1202,971,961,1151,33.5566,S,70.5995,W,13,7,2020,17,20,43,622.80,29.18,947.55,559.88
008,1216,1014,935,1165,33.5566,S,70.5995,W,13,7,2020,17,21,22,624.50,29.18,947.55,559.88
008,1174,976,909,1121,33.5566,S,70.5995,W,13,7,2020,17,22,1,,29.18,947.55,559.88
008,1236,1006,934,1181,33.5565,S,70.5995,W,13,7,2020,17,25,43,618.60,29.86,947.54,560.00
008,1228,972,956,1175,33.5565,S,70.5995,W,13,7,2020,17,26,22,620.00,29.86,947.54,560.00
008,1136,932,974,1208,33.5565,S,70.5995,W,13,7,2020,17,27,1,,29.86,947.54,560.00
008,1234,1006,939,1164,33.5566,S,70.5995,W,13,7,2020,17,30,43,631.20,30.79,947.65,558.97
008,1173,931,926,933,33.5566,S,70.5995,W,13,7,2020,17,31,22,627.80,30.79,947.65,558.97
008,1208,1001,930,1156,33.5566,S,70.5995,W,13,7,2020,17,32,1,,30.79,947.65,558.97
008,1176,979,907,1119,33.5566,S,70.5995,W,13,7,2020,17,35,43,636.00,30.46,947.57,559.67
008,1143,990,914,1078,33.5566,S,70.5995,W,13,7,2020,17,36,22,631.50,30.46,947.57,559.67
008,1175,965,906,1131,33.5566,S,70.5995,W,13,7,2020,17,37,1,,30.46,947.57,559.67
008,5,5,5,5,33.5565,S,70.5995,W,13,7,2020,17,42,19,632.00,30.17,947.42,561.05
008,0,0,0,0,33.5565,S,70.5995,W,13,7,2020,17,42,20,632.00,30.17,947.42,561.05
008,0,0,0,0,33.5565,S,70.5995,W,13,7,2020,17,42,21,632.00,30.17,947.42,561.05
008,5,5,5,5,33.5565,S,70.5995,W,13,7,2020,17,47,19,628.60,30.32,947.54,560.00
008,0,0,0,0,33.5565,S,70.5995,W,13,7,2020,17,47,20,628.60,30.32,947.54,560.00
008,0,0,0,0,33.5565,S,70.5995,W,13,7,2020,17,47,21,628.60,30.32,947.54,560.00
008,1185,979,927,1143,33.5566,S,70.5995,W,13,7,2020,17,50,43,620.80,30.95,947.51,560.27
008,1085,716,924,1151,33.5566,S,70.5995,W,13,7,2020,17,51,22,623.20,30.95,947.51,560.27
008,1073,995,922,1110,33.5566,S,70.5995,W,13,7,2020,17,52,1,,30.95,947.51,560.27
008,951,736,896,1126,33.5566,S,70.5996,W,13,7,2020,17,55,43,628.50,30.72,947.44,560.82
008,814,771,889,581,33.5566,S,70.5996,W,13,7,2020,17,56,22,628.00,30.72,947.44,560.82
008,1125,921,896,1043,33.5566,S,70.5996,W,13,7,2020,17,57,1,,30.72,947.44,560.82
008,5,5,5,5,33.5566,S,70.5995,W,13,7,2020,18,2,19,626.80,30.61,947.48,560.51
008,0,0,0,0,33.5566,S,70.5995,W,13,7,2020,18,2,20,626.80,30.61,947.48,560.51
008,0,0,0,0,33.5566,S,70.5995,W,13,7,2020,18,2,21,626.80,30.61,947.48,560.51
008,784,780,845,555,33.5566,S,70.5995,W,13,7,2020,18,5,43,625.70,31.47,947.51,560.20
008,791,796,843,877,33.5566,S,70.5995,W,13,7,2020,18,6,22,627.10,31.47,947.51,560.20
008,990,774,837,1044,33.5566,S,70.5995,W,13,7,2020,18,7,1,,31.47,947.51,560.20
008,1118,827,837,1065,33.5566,S,70.5995,W,13,7,2020,18,10,43,630.20,31.75,947.46,560.67
008,1122,921,869,1055,33.5566,S,70.5995,W,13,7,2020,18,11,22,629.80,31.75,947.46,560.67
008,1131,940,872,1058,33.5566,S,70.5995,W,13,7,2020,18,12,1,,31.75,947.46,560.67
008,736,593,798,766,33.5566,S,70.5996,W,13,7,2020,18,15,43,625.40,31.01,947.58,559.65
008,1047,778,804,821,33.5566,S,70.5996,W,13,7,2020,18,16,22,627.70,31.01,947.58,559.65
008,1046,868,770,1003,33.5566,S,70.5996,W,13,7,2020,18,17,1,,31.01,947.58,559.65
008,983,848,785,969,33.5566,S,70.5995,W,13,7,2020,18,20,43,636.90,30.46,947.57,559.74
008,980,816,771,966,33.5566,S,70.5995,W,13,7,2020,18,21,22,628.30,30.46,947.57,559.74
008,995,829,746,935,33.5566,S,70.5995,W,13,7,2020,18,22,1,,30.46,947.57,559.74
008,1040,864,796,998,33.5565,S,70.5995,W,13,7,2020,18,25,43,626.80,30.14,947.50,560.34
008,871,701,793,850,33.5565,S,70.5995,W,13,7,2020,18,26,22,627.10,30.14,947.50,560.34
008,1057,872,779,980,33.5565,S,70.5995,W,13,7,2020,18,27,1,,30.14,947.50,560.34
008,851,701,693,806,33.5566,S,70.5995,W,13,7,2020,18,30,43,632.90,29.52,947.46,560.69
008,914,766,686,879,33.5566,S,70.5995,W,13,7,2020,18,31,22,632.00,29.52,947.46,560.69
008,909,765,693,884,33.5566,S,70.5995,W,13,7,2020,18,32,1,,29.52,947.46,560.69
008,964,797,712,910,33.5566,S,70.5995,W,13,7,2020,18,35,43,637.60,29.65,947.53,560.07
008,944,748,723,908,33.5566,S,70.5995,W,13,7,2020,18,36,22,636.70,29.65,947.53,560.07
008,922,734,725,901,33.5566,S,70.5995,W,13,7,2020,18,37,1,,29.65,947.53,560.07
008,5,5,5,5,33.5566,S,70.5995,W,13,7,2020,18,42,19,636.80,29.76,947.48,560.52
008,0,0,0,0,33.5566,S,70.5995,W,13,7,2020,18,42,20,636.80,29.76,947.48,560.52
008,0,0,0,0,33.5566,S,70.5995,W,13,7,2020,18,42,21,636.80,29.76,947.48,560.52
008,5,5,5,5,33.5566,S,70.5995,W,13,7,2020,18,47,19,636.70,28.99,947.45,560.73
008,0,0,0,0,33.5566,S,70.5995,W,13,7,2020,18,47,20,636.70,28.99,947.45,560.73
008,0,0,0,0,33.5565,S,70.5995,W,13,7,2020,18,47,21,636.70,28.99,947.45,560.73
008,906,734,691,826,33.5566,S,70.5994,W,13,7,2020,18,50,43,640.30,28.78,947.47,560.56
008,806,669,698,875,33.5566,S,70.5994,W,13,7,2020,18,51,22,639.00,28.78,947.47,560.56
008,914,746,698,720,33.5566,S,70.5994,W,13,7,2020,18,52,1,,28.78,947.47,560.56
008,5,5,5,4,33.5566,S,70.5995,W,13,7,2020,18,57,19,633.30,28.45,947.47,560.59
008,0,0,0,0,33.5566,S,70.5995,W,13,7,2020,18,57,20,633.30,28.45,947.47,560.59
008,0,0,0,0,33.5566,S,70.5995,W,13,7,2020,18,57,21,633.30,28.45,947.47,560.59
008,930,751,716,882,33.5566,S,70.5995,W,13,7,2020,19,0,43,635.60,29.47,947.39,561.31
008,604,546,695,642,33.5566,S,70.5995,W,13,7,2020,19,1,22,633.90,29.47,947.39,561.31
008,784,598,710,859,33.5566,S,70.5995,W,13,7,2020,19,2,1,,29.47,947.39,561.31
008,836,784,736,575,33.5566,S,70.5994,W,13,7,2020,19,5,43,636.40,30.46,947.42,560.98
008,770,672,739,723,33.5566,S,70.5994,W,13,7,2020,19,6,22,634.00,30.46,947.42,560.98
008,892,737,734,872,33.5566,S,70.5994,W,13,7,2020,19,7,1,,30.46,947.42,560.98
008,925,751,702,872,33.5566,S,70.5995,W,13,7,2020,19,10,43,632.40,31.15,947.39,561.27
008,912,695,699,879,33.5566,S,70.5995,W,13,7,2020,19,11,22,632.50,31.15,947.39,561.27
008,884,738,692,865,33.5566,S,70.5995,W,13,7,2020,19,12,1,,31.15,947.39,561.27
008,6,5,5,5,33.5566,S,70.5995,W,13,7,2020,19,17,19,629.80,30.19,947.34,561.71
008,0,0,0,0,33.5566,S,70.5995,W,13,7,2020,19,17,20,629.80,30.19,947.34,561.71
008,0,0,0,0,33.5566,S,70.5995,W,13,7,2020,19,17,21,629.80,30.19,947.34,561.71
008,863,689,651,757,33.5566,S,70.5995,W,13,7,2020,19,20,43,630.80,28.81,947.32,561.91
008,526,494,614,543,33.5566,S,70.5995,W,13,7,2020,19,21,22,630.40,28.81,947.32,561.91
008,478,476,607,534,33.5566,S,70.5995,W,13,7,2020,19,22,1,,28.81,947.32,561.91
008,787,648,625,743,33.5566,S,70.5994,W,13,7,2020,19,25,43,639.00,28.87,947.39,561.25
008,707,611,656,700,33.5566,S,70.5994,W,13,7,2020,19,26,22,636.30,28.87,947.39,561.25
008,836,670,651,842,33.5566,S,70.5994,W,13,7,2020,19,27,1,,28.87,947.39,561.25
008,771,631,666,801,33.5566,S,70.5994,W,13,7,2020,19,30,43,634.70,29.02,947.36,561.55
008,869,684,669,712,33.5566,S,70.5994,W,13,7,2020,19,31,22,635.10,29.02,947.36,561.55
008,861,666,644,803,33.5566,S,70.5994,W,13,7,2020,19,32,1,,29.02,947.36,561.55
008,802,599,605,687,33.5566,S,70.5995,W,13,7,2020,19,35,43,632.10,29.34,947.40,561.22
008,712,583,578,725,33.5566,S,70.5995,W,13,7,2020,19,36,22,633.10,29.34,947.40,561.22
008,694,494,582,713,33.5566,S,70.5995,W,13,7,2020,19,37,1,,29.34,947.40,561.22
008,6,5,5,4,33.5566,S,70.5995,W,13,7,2020,19,42,19,634.10,28.62,947.33,561.78
008,0,0,0,0,33.5566,S,70.5995,W,13,7,2020,19,42,20,634.10,28.62,947.33,561.78
008,0,0,0,0,33.5566,S,70.5995,W,13,7,2020,19,42,21,634.10,28.62,947.33,561.78
008,714,568,594,746,33.5567,S,70.5995,W,13,7,2020,19,45,43,630.30,28.81,947.45,560.77
008,789,652,582,741,33.5567,S,70.5995,W,13,7,2020,19,46,22,630.70,28.81,947.45,560.77
008,770,636,581,676,33.5567,S,70.5995,W,13,7,2020,19,47,1,,28.81,947.45,560.77
008,669,561,539,705,33.5566,S,70.5995,W,13,7,2020,19,50,43,629.20,28.94,947.42,561.06
008,485,422,554,437,33.5566,S,70.5995,W,13,7,2020,19,51,22,630.00,28.94,947.42,561.06
008,471,430,528,660,33.5566,S,70.5995,W,13,7,2020,19,52,1,,28.94,947.42,561.06
008,5,5,5,4,33.5566,S,70.5994,W,13,7,2020,19,57,19,629.60,27.96,947.43,560.95
008,0,0,0,0,33.5566,S,70.5994,W,13,7,2020,19,57,20,629.60,27.96,947.43,560.95
008,0,0,0,0,33.5566,S,70.5995,W,13,7,2020,19,57,21,629.60,27.96,947.43,560.95
008,6,5,5,4,33.5566,S,70.5995,W,13,7,2020,20,2,19,632.10,27.57,947.45,560.80
008,0,0,0,0,33.5566,S,70.5995,W,13,7,2020,20,2,20,632.10,27.57,947.45,560.80
008,0,0,0,0,33.5566,S,70.5995,W,13,7,2020,20,2,21,632.10,27.57,947.45,560.80
008,754,635,563,702,33.5566,S,70.5995,W,13,7,2020,20,5,43,631.20,27.30,947.50,560.31
008,716,568,566,688,33.5566,S,70.5995,W,13,7,2020,20,6,22,632.20,27.30,947.50,560.31
008,743,612,569,734,33.5566,S,70.5995,W,13,7,2020,20,7,1,,27.30,947.50,560.31
008,706,597,522,679,33.5566,S,70.5995,W,13,7,2020,20,10,43,628.10,26.74,947.37,561.44
008,617,491,517,688,33.5566,S,70.5995,W,13,7,2020,20,11,22,629.30,26.74,947.37,561.44
008,680,562,535,656,33.5566,S,70.5995,W,13,7,2020,20,12,1,,26.74,947.37,561.44
008,5,5,4,4,33.5566,S,70.5995,W,13,7,2020,20,17,19,630.00,26.81,947.21,562.85
008,0,0,0,0,33.5566,S,70.5995,W,13,7,2020,20,17,20,630.00,26.81,947.21,562.85
008,0,0,0,0,33.5566,S,70.5995,W,13,7,2020,20,17,21,630.00,26.81,947.21,562.85
008,522,508,487,223,33.5566,S,70.5994,W,13,7,2020,20,20,43,635.80,26.19,947.33,561.85
008,591,418,479,628,33.5566,S,70.5994,W,13,7,2020,20,21,22,633.70,26.19,947.33,561.85
008,655,545,472,630,33.5566,S,70.5994,W,13,7,2020,20,22,1,,26.19,947.33,561.85
008,570,535,486,453,33.5566,S,70.5994,W,13,7,2020,20,25,43,625.20,26.21,947.29,562.12
008,640,507,479,377,33.5566,S,70.5994,W,13,7,2020,20,26,22,628.00,26.21,947.29,562.12
008,593,545,482,594,33.5566,S,70.5994,W,13,7,2020,20,27,1,,26.21,947.29,562.12
008,5,5,4,4,33.5565,S,70.5994,W,13,7,2020,20,32,19,626.80,26.35,947.20,562.94
008,0,0,0,0,33.5565,S,70.5994,W,13,7,2020,20,32,20,626.80,26.35,947.20,562.94
008,0,0,0,0,33.5565,S,70.5994,W,13,7,2020,20,32,21,626.80,26.35,947.20,562.94
008,515,411,402,452,33.5565,S,70.5994,W,13,7,2020,20,35,43,628.90,26.65,947.33,561.81
008,564,467,412,544,33.5565,S,70.5994,W,13,7,2020,20,36,22,627.90,26.65,947.33,561.81
008,559,457,409,533,33.5565,S,70.5994,W,13,7,2020,20,37,1,,26.65,947.33,561.81
008,5,5,4,4,33.5566,S,70.5995,W,13,7,2020,20,42,19,627.60,26.55,947.28,562.28
008,0,0,0,0,33.5566,S,70.5994,W,13,7,2020,20,42,20,627.60,26.55,947.28,562.28
008,0,0,0,0,33.5566,S,70.5994,W,13,7,2020,20,42,21,627.60,26.55,947.28,562.28
008,216,236,338,171,33.5566,S,70.5994,W,13,7,2020,20,45,43,631.40,26.08,947.36,561.53
008,446,393,339,425,33.5566,S,70.5994,W,13,7,2020,20,46,22,631.10,26.08,947.36,561.53
008,454,366,330,403,33.5566,S,70.5994,W,13,7,2020,20,47,1,,26.08,947.36,561.53
008,433,342,305,380,33.5566,S,70.5995,W,13,7,2020,20,50,43,634.30,25.13,947.34,561.75
008,420,337,290,389,33.5566,S,70.5995,W,13,7,2020,20,51,22,632.50,25.13,947.34,561.75
008,409,320,291,384,33.5566,S,70.5995,W,13,7,2020,20,52,1,,25.13,947.34,561.75
008,342,267,253,325,33.5566,S,70.5995,W,13,7,2020,20,55,43,630.60,25.09,947.39,561.32
008,238,206,244,246,33.5566,S,70.5995,W,13,7,2020,20,56,22,631.10,25.09,947.39,561.32
008,351,288,239,293,33.5566,S,70.5995,W,13,7,2020,20,57,1,,25.09,947.39,561.32
008,301,249,215,283,33.5566,S,70.5995,W,13,7,2020,21,0,43,630.20,24.58,947.37,561.47
008,281,237,204,270,33.5566,S,70.5995,W,13,7,2020,21,1,22,630.50,24.58,947.37,561.47
008,255,242,201,268,33.5566,S,70.5995,W,13,7,2020,21,2,1,,24.58,947.37,561.47
008,5,5,4,4,33.5566,S,70.5994,W,0,0,2000,21,7,19,633.80,23.96,947.20,562.93
008,0,0,0,0,33.5566,S,70.5994,W,13,7,2020,21,7,20,633.80,23.96,947.20,562.93
008,0,0,0,0,33.5566,S,70.5994,W,13,7,2020,21,7,21,633.80,23.96,947.20,562.93
008,257,159,174,179,33.4358,S,70.5218,W,0,0,2000,12,56,6,800.70,4.35,930.23,713.23
008,202,148,160,138,33.4358,S,70.5218,W,28,7,2020,12,56,45,796.10,4.35,930.23,713.23
008,181,115,131,128,33.4358,S,70.5218,W,28,7,2020,12,57,24,,4.35,930.23,713.23
008,10,4,4,4,33.4358,S,70.5218,W,28,7,2020,13,15,52,794.50,11.12,930.09,714.54
008,11,4,4,4,33.4358,S,70.5218,W,28,7,2020,13,16,31,794.30,11.12,930.09,714.54
008,11,4,4,4,33.4358,S,70.5218,W,28,7,2020,13,17,10,794.30,11.12,930.09,714.54
008,11,4,4,4,33.4359,S,70.5218,W,28,7,2020,13,20,52,795.90,12.85,929.98,715.46
008,11,4,4,4,33.4358,S,70.5218,W,28,7,2020,13,21,31,794.80,12.85,929.98,715.46
008,11,4,4,4,33.4358,S,70.5218,W,28,7,2020,13,22,10,795.10,12.85,929.98,715.46
008,11,4,4,4,33.4358,S,70.5218,W,28,7,2020,13,25,52,793.80,14.45,929.85,716.68
008,11,4,4,4,33.4358,S,70.5218,W,28,7,2020,13,26,31,794.30,14.45,929.85,716.68
008,11,4,4,4,33.4358,S,70.5218,W,28,7,2020,13,27,10,794.40,14.45,929.85,716.68
008,11,4,4,4,33.4359,S,70.5218,W,28,7,2020,13,30,52,794.60,15.32,929.88,716.39
008,11,4,4,4,33.4359,S,70.5218,W,28,7,2020,13,31,31,794.40,15.32,929.88,716.39
008,11,4,4,4,33.4359,S,70.5218,W,28,7,2020,13,32,10,794.50,15.32,929.88,716.39
008,11,4,4,4,33.4359,S,70.5218,W,28,7,2020,13,35,52,801.70,16.12,929.93,715.93
008,11,4,4,4,33.4359,S,70.5218,W,28,7,2020,13,36,31,800.20,16.12,929.93,715.93
008,11,4,4,4,33.4359,S,70.5218,W,28,7,2020,13,37,10,799.50,16.12,929.93,715.93
008,11,4,4,4,33.4359,S,70.5218,W,28,7,2020,13,40,52,799.80,17.07,929.85,716.62
008,11,5,4,4,33.4359,S,70.5218,W,28,7,2020,13,41,31,799.60,17.07,929.85,716.62
008,11,5,4,4,33.4359,S,70.5218,W,28,7,2020,13,42,10,799.30,17.07,929.85,716.62
008,11,4,4,4,33.4359,S,70.5218,W,28,7,2020,13,45,52,803.40,16.14,929.93,715.96
008,11,4,4,4,33.4359,S,70.5218,W,28,7,2020,13,46,31,798.60,16.14,929.93,715.96
008,11,4,4,4,33.4359,S,70.5218,W,28,7,2020,13,47,10,798.60,16.14,929.93,715.96
008,11,4,4,4,33.4358,S,70.5218,W,28,7,2020,13,50,52,800.90,15.34,929.98,715.50
008,12,4,4,4,33.4358,S,70.5218,W,28,7,2020,13,51,31,801.00,15.34,929.98,715.50
008,11,4,4,4,33.4359,S,70.5218,W,28,7,2020,13,52,10,801.20,15.34,929.98,715.50
008,11,4,4,4,33.4359,S,70.5218,W,28,7,2020,13,55,52,807.00,16.00,929.99,715.39
008,11,5,4,4,33.4359,S,70.5218,W,28,7,2020,13,56,31,802.10,16.00,929.99,715.39
008,11,4,4,4,33.4359,S,70.5218,W,28,7,2020,13,57,10,802.00,16.00,929.99,715.39
008,6,4,4,4,33.4359,S,70.5219,W,28,7,2020,14,2,27,804.10,16.45,930.09,714.50
008,0,0,0,0,33.4360,S,70.5219,W,28,7,2020,14,2,28,804.10,16.45,930.09,714.50
008,0,0,0,0,33.4359,S,70.5219,W,28,7,2020,14,2,29,804.10,16.45,930.09,714.50
008,6,4,4,4,33.4359,S,70.5219,W,28,7,2020,14,7,27,805.00,16.76,929.93,715.93
008,0,0,0,0,33.4359,S,70.5219,W,28,7,2020,14,7,28,805.00,16.76,929.93,715.93
008,0,0,0,0,33.4359,S,70.5219,W,28,7,2020,14,7,29,804.90,16.76,929.93,715.93
008,7,4,4,4,33.4359,S,70.5218,W,28,7,2020,14,12,27,798.80,16.73,930.11,714.34
008,0,0,0,0,33.4359,S,70.5218,W,28,7,2020,14,12,28,798.80,16.73,930.11,714.34
008,0,0,0,0,33.4359,S,70.5218,W,28,7,2020,14,12,29,798.70,16.73,930.11,714.34
008,874,684,814,1038,33.4359,S,70.5218,W,28,7,2020,14,15,52,798.30,17.56,930.09,714.49
008,964,871,802,1043,33.4359,S,70.5218,W,28,7,2020,14,16,31,797.60,17.56,930.09,714.49
008,1087,916,829,1048,33.4359,S,70.5218,W,28,7,2020,14,17,10,,17.56,930.09,714.49
008,6,4,4,4,33.4359,S,70.5218,W,28,7,2020,14,22,27,792.90,19.15,929.98,715.48
008,0,0,0,0,33.4359,S,70.5218,W,28,7,2020,14,22,28,792.80,19.15,929.98,715.48
008,0,0,0,0,33.4359,S,70.5218,W,28,7,2020,14,22,29,792.80,19.15,929.98,715.48
008,1071,946,859,571,33.4359,S,70.5218,W,28,7,2020,14,25,52,796.10,18.83,930.15,713.98
008,1064,916,869,1018,33.4359,S,70.5218,W,28,7,2020,14,26,31,795.50,18.83,930.15,713.98
008,1139,956,851,1085,33.4359,S,70.5218,W,28,7,2020,14,27,10,,18.83,930.15,713.98
008,1152,980,891,1032,33.4359,S,70.5218,W,28,7,2020,14,30,52,793.00,18.83,930.07,714.67
008,962,746,871,967,33.4359,S,70.5218,W,28,7,2020,14,31,31,795.70,18.83,930.07,714.67
008,1030,818,872,1105,33.4359,S,70.5218,W,28,7,2020,14,32,10,,18.83,930.07,714.67
008,1159,933,881,1077,33.4359,S,70.5218,W,28,7,2020,14,35,52,790.80,19.22,930.11,714.36
008,1175,931,888,1119,33.4359,S,70.5218,W,28,7,2020,14,36,31,790.50,19.22,930.11,714.36
008,1075,872,880,997,33.4359,S,70.5218,W,28,7,2020,14,37,10,,19.22,930.11,714.36
008,6,4,4,4,33.4359,S,70.5218,W,28,7,2020,14,42,27,0.00,18.65,930.21,713.42
008,0,0,0,0,33.4359,S,70.5218,W,28,7,2020,14,42,28,794.10,18.65,930.21,713.42
008,0,0,0,0,33.4359,S,70.5218,W,28,7,2020,14,42,29,794.10,18.65,930.21,713.42
008,1150,993,913,1137,33.4358,S,70.5218,W,28,7,2020,14,45,52,789.80,19.00,930.24,713.14
008,1009,844,911,932,33.4358,S,70.5218,W,28,7,2020,14,46,31,793.30,19.00,930.24,713.14
008,1203,993,904,1136,33.4358,S,70.5218,W,28,7,2020,14,47,10,,19.00,930.24,713.14
008,1043,782,917,973,33.4358,S,70.5218,W,28,7,2020,14,50,52,787.70,19.78,930.16,713.92
008,887,798,915,904,33.4358,S,70.5218,W,28,7,2020,14,51,31,791.40,19.78,930.16,713.92
008,898,779,914,808,33.4358,S,70.5218,W,28,7,2020,14,52,10,,19.78,930.16,713.92
008,1220,1004,919,1158,33.4359,S,70.5218,W,28,7,2020,14,55,52,786.60,20.69,930.17,713.80
008,1241,1019,943,1177,33.4359,S,70.5218,W,28,7,2020,14,56,31,786.90,20.69,930.17,713.80
008,1233,1022,946,1176,33.4359,S,70.5218,W,28,7,2020,14,57,10,,20.69,930.17,713.80
008,1254,1037,962,1174,33.4359,S,70.5218,W,28,7,2020,15,0,52,786.20,20.34,930.15,714.02
008,1250,1030,956,1199,33.4359,S,70.5218,W,28,7,2020,15,1,31,786.60,20.34,930.15,714.02
008,1177,934,961,1149,33.4358,S,70.5218,W,28,7,2020,15,2,10,,20.34,930.15,714.02
008,6,4,4,4,33.4358,S,70.5218,W,28,7,2020,15,7,27,785.80,20.85,930.05,714.88
008,0,0,0,0,33.4358,S,70.5218,W,28,7,2020,15,7,28,785.80,20.85,930.05,714.88
008,0,0,0,0,33.4358,S,70.5218,W,28,7,2020,15,7,29,785.80,20.85,930.05,714.88
008,1278,1004,984,1222,33.4358,S,70.5218,W,0,0,2000,15,10,2,783.60,21.55,930.03,715.04
008,1286,1062,980,1220,33.4358,S,70.5218,W,28,7,2020,15,10,41,784.60,21.55,930.03,715.04
008,1293,1066,982,1230,33.4358,S,70.5218,W,28,7,2020,15,11,20,,21.55,930.03,715.04
008,6,5,4,4,33.4358,S,70.5218,W,28,7,2020,15,17,27,0.00,21.44,930.09,714.49
008,0,0,0,0,33.4358,S,70.5218,W,28,7,2020,15,17,28,781.80,21.44,930.09,714.49
008,0,0,0,0,33.4358,S,70.5218,W,28,7,2020,15,17,29,781.90,21.44,930.09,714.49
008,1230,1024,1013,1153,33.4358,S,70.5218,W,28,7,2020,15,20,52,791.10,20.74,930.06,714.81
008,1017,1043,1011,885,33.4358,S,70.5218,W,28,7,2020,15,21,31,790.20,20.74,930.06,714.81
008,1332,1051,1010,1116,33.4358,S,70.5218,W,28,7,2020,15,22,10,,20.74,930.06,714.81
008,1321,1112,1028,1240,33.4358,S,70.5218,W,28,7,2020,15,25,52,783.30,22.32,930.06,714.78
008,1280,1045,1005,1268,33.4358,S,70.5218,W,28,7,2020,15,26,31,785.10,22.32,930.06,714.78
008,1019,1098,1022,1127,33.4358,S,70.5218,W,28,7,2020,15,27,10,,22.32,930.06,714.78
008,6,5,4,4,33.4358,S,70.5218,W,28,7,2020,15,32,27,0.00,23.19,929.98,715.52
008,0,0,0,0,33.4358,S,70.5218,W,28,7,2020,15,32,28,795.90,23.19,929.98,715.52
008,0,0,0,0,33.4358,S,70.5218,W,28,7,2020,15,32,29,795.90,23.19,929.98,715.52
008,6,4,4,4,33.4358,S,70.5218,W,28,7,2020,15,37,27,0.00,22.63,930.00,715.31
008,0,0,0,0,33.4358,S,70.5218,W,28,7,2020,15,37,28,792.20,22.63,930.00,715.31
008,0,0,0,0,33.4358,S,70.5218,W,28,7,2020,15,37,29,792.20,22.63,930.00,715.31
008,6,5,5,4,33.4358,S,70.5218,W,28,7,2020,15,42,27,0.00,23.07,929.86,716.56
008,0,0,0,0,33.4358,S,70.5218,W,28,7,2020,15,42,28,793.50,23.07,929.86,716.56
008,0,0,0,0,33.4358,S,70.5218,W,28,7,2020,15,42,29,793.50,23.07,929.86,716.56
008,1253,988,1027,1191,33.4358,S,70.5218,W,28,7,2020,15,45,52,795.40,22.49,929.85,716.67
008,1331,1091,1038,1264,33.4358,S,70.5218,W,28,7,2020,15,46,31,794.30,22.49,929.85,716.67
008,1312,1109,1042,1299,33.4358,S,70.5218,W,28,7,2020,15,47,10,,22.49,929.85,716.67
008,926,859,1069,1158,33.4358,S,70.5218,W,28,7,2020,15,50,52,793.40,21.62,929.88,716.41
008,1299,1017,1061,777,33.4358,S,70.5218,W,28,7,2020,15,51,31,793.50,21.62,929.88,716.41
008,1333,1079,1055,1251,33.4358,S,70.5218,W,28,7,2020,15,52,10,,21.62,929.88,716.41
008,1286,1121,1053,1270,33.4358,S,70.5218,W,28,7,2020,15,55,52,792.40,21.16,930.01,715.27
008,1364,1127,1076,1314,33.4358,S,70.5218,W,28,7,2020,15,56,31,792.60,21.16,930.01,715.27
008,1396,1153,1091,1344,33.4358,S,70.5217,W,28,7,2020,15,57,10,,21.16,930.01,715.27
008,1249,981,1032,1255,33.4358,S,70.5218,W,28,7,2020,16,5,52,794.40,22.51,929.94,715.83
008,1394,1146,1026,1319,33.4358,S,70.5218,W,28,7,2020,16,6,31,791.30,22.51,929.94,715.83
008,1373,1139,1028,1313,33.4358,S,70.5218,W,28,7,2020,16,7,10,,22.51,929.94,715.83
008,1294,1109,1046,1276,33.4358,S,70.5218,W,28,7,2020,16,10,52,787.20,24.52,929.92,716.07
008,1359,1123,1017,1302,33.4358,S,70.5218,W,28,7,2020,16,11,31,791.00,24.52,929.92,716.07
008,1118,897,1043,1086,33.4358,S,70.5218,W,28,7,2020,16,12,10,,24.52,929.92,716.07
008,6,5,5,4,33.4358,S,70.5218,W,28,7,2020,16,17,27,0.00,22.91,929.92,716.07
008,0,0,0,0,33.4358,S,70.5218,W,28,7,2020,16,17,29,787.70,22.91,929.92,716.07
008,0,0,0,0,33.4358,S,70.5218,W,28,7,2020,16,17,30,787.70,22.91,929.92,716.07
008,6,4,4,4,33.4358,S,70.5217,W,28,7,2020,16,22,27,0.00,22.08,929.86,716.56
008,0,0,0,0,33.4358,S,70.5218,W,28,7,2020,16,22,28,785.20,22.08,929.86,716.56
008,0,0,0,0,33.4358,S,70.5218,W,28,7,2020,16,22,29,785.30,22.08,929.86,716.56
008,1327,933,1051,1232,33.4358,S,70.5218,W,28,7,2020,16,25,52,798.80,23.73,929.97,715.58
008,1237,990,1031,1263,33.4358,S,70.5218,W,28,7,2020,16,26,31,789.90,23.73,929.97,715.58
008,1321,1090,1044,1263,33.4358,S,70.5218,W,28,7,2020,16,27,10,,23.73,929.97,715.58
008,6,5,5,4,33.4358,S,70.5217,W,28,7,2020,16,32,27,0.00,23.39,929.84,716.79
008,0,0,0,0,33.4358,S,70.5217,W,28,7,2020,16,32,28,793.90,23.39,929.84,716.79
008,0,0,0,0,33.4358,S,70.5217,W,28,7,2020,16,32,30,793.90,23.39,929.84,716.79
008,1327,1097,1025,1176,33.4358,S,70.5218,W,28,7,2020,16,40,52,805.80,22.22,929.87,716.49
008,1186,989,1023,1149,33.4358,S,70.5218,W,28,7,2020,16,41,31,793.80,22.22,929.87,716.49
008,1285,920,1016,1252,33.4358,S,70.5218,W,28,7,2020,16,42,10,,22.22,929.87,716.49
008,7,5,5,4,33.4358,S,70.5217,W,28,7,2020,16,47,28,794.60,23.11,929.71,717.94
008,0,0,0,0,33.4358,S,70.5218,W,28,7,2020,16,47,29,794.60,23.11,929.71,717.94
008,0,0,0,0,33.4358,S,70.5218,W,28,7,2020,16,47,30,794.60,23.11,929.71,717.94
008,7,5,5,4,33.4358,S,70.5218,W,28,7,2020,16,52,28,793.20,24.13,929.63,718.65
008,0,0,0,0,33.4358,S,70.5218,W,28,7,2020,16,52,29,793.20,24.13,929.63,718.65
008,0,0,0,0,33.4358,S,70.5218,W,28,7,2020,16,52,30,793.20,24.13,929.63,718.65
008,7,5,5,4,33.4358,S,70.5217,W,28,7,2020,16,57,28,790.70,23.02,929.55,719.32
008,0,0,0,0,33.4358,S,70.5217,W,28,7,2020,16,57,29,790.70,23.02,929.55,719.32
008,0,0,0,0,33.4358,S,70.5218,W,28,7,2020,16,57,30,790.70,23.02,929.55,719.32
008,1326,1108,1031,1248,33.4358,S,70.5218,W,28,7,2020,17,0,52,795.60,23.37,929.65,718.47
008,1334,1100,1007,1217,33.4358,S,70.5218,W,28,7,2020,17,1,31,789.20,23.37,929.65,718.47
008,1308,1042,993,1240,33.4358,S,70.5218,W,28,7,2020,17,2,10,,23.37,929.65,718.47
008,886,783,1015,919,33.4358,S,70.5218,W,28,7,2020,17,5,52,798.40,23.05,929.64,718.54
008,1312,1089,1015,938,33.4358,S,70.5218,W,28,7,2020,17,6,31,790.40,23.05,929.64,718.54
008,1307,971,994,1201,33.4358,S,70.5218,W,28,7,2020,17,7,10,,23.05,929.64,718.54
008,1118,959,1025,1043,33.4358,S,70.5218,W,28,7,2020,17,10,52,803.30,23.02,929.53,719.48
008,1201,995,991,1238,33.4358,S,70.5217,W,28,7,2020,17,11,31,796.30,23.02,929.53,719.48
008,1280,1028,963,1213,33.4358,S,70.5218,W,28,7,2020,17,12,10,,23.02,929.53,719.48
008,6,5,5,4,33.4358,S,70.5218,W,28,7,2020,17,17,27,0.00,23.89,929.43,720.40
008,0,0,0,0,33.4358,S,70.5218,W,28,7,2020,17,17,28,794.80,23.89,929.43,720.40
008,0,0,0,0,33.4358,S,70.5218,W,28,7,2020,17,17,29,794.80,23.89,929.43,720.40
008,1288,1061,981,1234,33.4358,S,70.5218,W,28,7,2020,17,20,52,793.40,22.44,929.42,720.52
008,1290,1072,966,1239,33.4358,S,70.5218,W,28,7,2020,17,21,31,793.60,22.44,929.42,720.52
008,1065,831,1000,1230,33.4358,S,70.5218,W,28,7,2020,17,22,10,,22.44,929.42,720.52
008,6,5,5,4,33.4358,S,70.5218,W,28,7,2020,17,27,27,0.00,24.04,929.30,721.58
008,0,0,0,0,33.4358,S,70.5218,W,28,7,2020,17,27,28,801.10,24.04,929.30,721.58
008,0,0,0,0,33.4358,S,70.5218,W,28,7,2020,17,27,29,801.10,24.04,929.30,721.58
008,1192,843,927,1193,33.4358,S,70.5218,W,28,7,2020,17,30,52,797.40,23.83,929.31,721.45
008,1216,1025,951,1110,33.4358,S,70.5218,W,28,7,2020,17,31,31,798.20,23.83,929.31,721.45
008,1135,881,947,1108,33.4358,S,70.5218,W,28,7,2020,17,32,10,,23.83,929.31,721.45
008,6,5,5,4,33.4358,S,70.5217,W,28,7,2020,17,37,27,0.00,24.61,929.16,722.81
008,0,0,0,0,33.4358,S,70.5217,W,28,7,2020,17,37,28,795.80,24.61,929.16,722.81
008,0,0,0,0,33.4358,S,70.5218,W,28,7,2020,17,37,30,795.80,24.61,929.16,722.81
008,6,5,5,4,33.4358,S,70.5217,W,28,7,2020,17,42,27,0.00,24.61,929.23,722.21
008,0,0,0,0,33.4358,S,70.5217,W,28,7,2020,17,42,28,805.70,24.61,929.23,722.21
008,0,0,0,0,33.4358,S,70.5217,W,28,7,2020,17,42,30,805.70,24.61,929.23,722.21
008,1023,699,891,1121,33.4358,S,70.5218,W,28,7,2020,17,45,52,801.30,23.58,929.13,723.07
008,1096,988,959,1197,33.4358,S,70.5218,W,28,7,2020,17,46,31,804.40,23.58,929.13,723.07
008,1215,1035,956,1067,33.4358,S,70.5218,W,28,7,2020,17,47,10,,23.58,929.13,723.07
008,1198,1044,972,844,33.4358,S,70.5217,W,28,7,2020,17,50,52,801.60,25.55,929.16,722.84
008,1012,893,951,1052,33.4358,S,70.5217,W,28,7,2020,17,51,31,802.80,25.55,929.16,722.84
008,1264,1018,958,1191,33.4358,S,70.5217,W,28,7,2020,17,52,10,,25.55,929.16,722.84
008,1284,1002,987,1054,33.4358,S,70.5217,W,28,7,2020,17,55,52,803.10,27.02,929.18,722.66
008,1241,1030,973,1196,33.4358,S,70.5217,W,28,7,2020,17,56,31,802.30,27.02,929.18,722.66
008,1212,1017,938,1152,33.4358,S,70.5217,W,28,7,2020,17,57,10,,27.02,929.18,722.66
008,1221,907,941,1193,33.4358,S,70.5218,W,28,7,2020,18,0,52,799.60,24.54,929.16,722.85
008,1050,938,947,958,33.4358,S,70.5218,W,28,7,2020,18,1,31,801.90,24.54,929.16,722.85
008,1181,1013,935,1162,33.4358,S,70.5218,W,28,7,2020,18,2,10,,24.54,929.16,722.85
008,1238,1018,939,1096,33.4358,S,70.5217,W,28,7,2020,18,5,52,798.40,25.32,929.07,723.66
008,1209,949,936,1134,33.4358,S,70.5217,W,28,7,2020,18,6,31,800.40,25.32,929.07,723.66
008,1221,1014,932,1129,33.4358,S,70.5217,W,28,7,2020,18,7,10,,25.32,929.07,723.66
008,1206,978,929,1151,33.4358,S,70.5217,W,28,7,2020,18,10,52,794.40,24.75,929.04,723.91
008,737,756,919,778,33.4358,S,70.5217,W,28,7,2020,18,11,31,799.30,24.75,929.04,723.91
008,1206,990,915,1099,33.4358,S,70.5217,W,28,7,2020,18,12,10,,24.75,929.04,723.91
008,7,5,5,4,33.4358,S,70.5217,W,28,7,2020,18,17,28,796.80,23.98,929.09,723.41
008,0,0,0,0,33.4358,S,70.5217,W,28,7,2020,18,17,29,796.60,23.98,929.09,723.41
008,0,0,0,0,33.4358,S,70.5217,W,28,7,2020,18,17,30,796.50,23.98,929.09,723.41
008,7,5,5,4,33.4358,S,70.5217,W,28,7,2020,18,22,27,0.00,24.03,928.99,724.34
008,0,0,0,0,33.4358,S,70.5217,W,28,7,2020,18,22,29,794.70,24.03,928.99,724.34
008,0,0,0,0,33.4358,S,70.5218,W,28,7,2020,18,22,30,794.70,24.03,928.99,724.34
008,1129,964,884,1103,33.4359,S,70.5218,W,28,7,2020,18,25,52,787.70,24.04,929.08,723.53
008,886,885,881,797,33.4358,S,70.5218,W,28,7,2020,18,26,31,792.30,24.04,929.08,723.53
008,1075,868,859,1032,33.4358,S,70.5217,W,28,7,2020,18,27,10,,24.04,929.08,723.53
008,1073,911,861,1063,33.4358,S,70.5217,W,28,7,2020,18,30,52,797.10,23.46,929.08,723.55
008,1089,908,848,1061,33.4358,S,70.5217,W,28,7,2020,18,31,31,790.30,23.46,929.08,723.55
008,1038,862,856,739,33.4358,S,70.5217,W,28,7,2020,18,32,10,,23.46,929.08,723.55
008,7,5,5,4,33.4358,S,70.5217,W,28,7,2020,18,37,27,0.00,23.20,928.97,724.54
008,0,0,0,0,33.4358,S,70.5217,W,28,7,2020,18,37,29,788.90,23.20,928.97,724.54
008,0,0,0,0,33.4358,S,70.5217,W,28,7,2020,18,37,30,788.90,23.20,928.97,724.54
008,7,5,5,4,33.4358,S,70.5218,W,28,7,2020,18,42,27,0.00,22.66,929.05,723.76
008,0,0,0,0,33.4358,S,70.5217,W,28,7,2020,18,42,29,792.00,22.66,929.05,723.76
008,0,0,0,0,33.4358,S,70.5217,W,28,7,2020,18,42,30,791.90,22.66,929.05,723.76
008,7,4,5,4,33.4358,S,70.5218,W,28,7,2020,18,47,27,0.00,22.94,929.01,724.16
008,0,0,0,0,33.4358,S,70.5218,W,28,7,2020,18,47,29,796.10,22.94,929.01,724.16
008,0,0,0,0,33.4358,S,70.5218,W,28,7,2020,18,47,30,796.00,22.94,929.01,724.16
008,6,5,4,4,33.4358,S,70.5217,W,28,7,2020,18,52,27,0.00,22.73,929.00,724.27
008,0,0,0,0,33.4358,S,70.5217,W,28,7,2020,18,52,28,796.60,22.73,929.00,724.27
008,0,0,0,0,33.4359,S,70.5217,W,28,7,2020,18,52,30,796.60,22.73,929.00,724.27
008,963,784,720,870,33.4358,S,70.5218,W,28,7,2020,18,55,52,792.20,23.94,929.00,724.25
008,934,790,725,876,33.4358,S,70.5217,W,28,7,2020,18,56,31,793.60,23.94,929.00,724.25
008,898,745,722,793,33.4358,S,70.5217,W,28,7,2020,18,57,10,,23.94,929.00,724.25
008,967,786,731,912,33.4359,S,70.5218,W,28,7,2020,19,0,52,793.90,24.44,928.95,724.71
008,873,721,714,911,33.4359,S,70.5218,W,28,7,2020,19,1,31,793.20,24.44,928.95,724.71
008,871,777,723,841,33.4358,S,70.5218,W,28,7,2020,19,2,10,,24.44,928.95,724.71
008,6,5,4,4,33.4358,S,70.5217,W,28,7,2020,19,7,28,791.30,22.78,928.93,724.90
008,0,0,0,0,33.4358,S,70.5217,W,28,7,2020,19,7,29,791.30,22.78,928.93,724.90
008,0,0,0,0,33.4358,S,70.5217,W,28,7,2020,19,7,30,791.30,22.78,928.93,724.90
008,6,5,4,4,33.4358,S,70.5217,W,28,7,2020,19,12,27,0.00,22.30,928.97,724.47
008,0,0,0,0,33.4358,S,70.5217,W,28,7,2020,19,12,29,787.00,22.30,928.97,724.47
008,0,0,0,0,33.4358,S,70.5217,W,28,7,2020,19,12,30,787.00,22.30,928.97,724.47
008,852,710,647,442,33.4358,S,70.5217,W,28,7,2020,19,15,52,783.90,23.10,928.90,725.11
008,703,559,660,679,33.4358,S,70.5217,W,28,7,2020,19,16,31,784.60,23.10,928.90,725.11
008,724,675,638,743,33.4358,S,70.5217,W,28,7,2020,19,17,10,,23.10,928.90,725.11
008,803,586,621,738,33.4358,S,70.5217,W,28,7,2020,19,20,52,782.80,23.15,928.87,725.42
008,809,652,613,775,33.4358,S,70.5217,W,28,7,2020,19,21,31,785.20,23.15,928.87,725.42
008,798,661,594,753,33.4358,S,70.5217,W,28,7,2020,19,22,10,,23.15,928.87,725.42
008,580,462,609,503,33.4358,S,70.5218,W,28,7,2020,19,25,52,787.30,23.31,929.00,724.27
008,729,581,611,703,33.4358,S,70.5218,W,28,7,2020,19,26,31,784.50,23.31,929.00,724.27
008,557,464,606,746,33.4358,S,70.5218,W,28,7,2020,19,27,10,,23.31,929.00,724.27
008,724,611,569,709,33.4358,S,70.5217,W,28,7,2020,19,30,52,779.90,23.17,929.04,723.90
008,744,614,561,700,33.4358,S,70.5217,W,28,7,2020,19,31,31,780.50,23.17,929.04,723.90
008,752,616,555,703,33.4358,S,70.5217,W,28,7,2020,19,32,10,,23.17,929.04,723.90
008,6,4,4,4,33.4358,S,70.5218,W,28,7,2020,19,37,27,0.00,22.96,929.05,723.82
008,0,0,0,0,33.4358,S,70.5218,W,28,7,2020,19,37,29,780.20,22.96,929.05,723.82
008,0,0,0,0,33.4358,S,70.5218,W,28,7,2020,19,37,30,780.20,22.96,929.05,723.82
008,643,527,497,632,33.4358,S,70.5217,W,28,7,2020,19,40,52,784.00,23.63,929.09,723.48
008,650,548,495,616,33.4358,S,70.5217,W,28,7,2020,19,41,31,783.20,23.63,929.09,723.48
008,572,457,483,515,33.4358,S,70.5217,W,28,7,2020,19,42,10,,23.63,929.09,723.48
008,6,4,4,4,33.4359,S,70.5218,W,28,7,2020,19,47,28,798.30,23.31,928.92,724.96
008,0,0,0,0,33.4359,S,70.5218,W,28,7,2020,19,47,29,798.30,23.31,928.92,724.96
008,0,0,0,0,33.4358,S,70.5217,W,28,7,2020,19,47,30,798.30,23.31,928.92,724.96
008,6,5,4,4,33.4358,S,70.5217,W,28,7,2020,19,52,27,0.00,24.22,929.02,724.11
008,0,0,0,0,33.4358,S,70.5217,W,28,7,2020,19,52,29,797.00,24.22,929.02,724.11
008,0,0,0,0,33.4358,S,70.5217,W,28,7,2020,19,52,30,797.00,24.22,929.02,724.11
008,589,474,430,549,33.4358,S,70.5217,W,28,7,2020,19,55,52,811.80,23.59,929.04,723.91
008,551,470,424,473,33.4358,S,70.5217,W,28,7,2020,19,56,31,793.80,23.59,929.04,723.91
008,555,467,421,542,33.4358,S,70.5217,W,28,7,2020,19,57,10,,23.59,929.04,723.91
008,514,411,379,463,33.4358,S,70.5217,W,28,7,2020,20,0,52,794.60,23.27,929.03,723.99
008,516,410,374,480,33.4358,S,70.5217,W,28,7,2020,20,1,31,793.60,23.27,929.03,723.99
008,484,412,368,405,33.4358,S,70.5217,W,28,7,2020,20,2,10,,23.27,929.03,723.99
008,517,418,386,431,33.4358,S,70.5218,W,28,7,2020,20,5,52,806.80,21.60,929.10,723.35
008,480,345,375,487,33.4358,S,70.5218,W,28,7,2020,20,6,31,799.70,21.60,929.10,723.35
008,497,413,379,467,33.4358,S,70.5218,W,28,7,2020,20,7,10,,21.60,929.10,723.35
008,431,340,312,395,33.4358,S,70.5217,W,28,7,2020,20,10,52,796.10,20.63,929.06,723.69
008,406,333,310,375,33.4358,S,70.5217,W,28,7,2020,20,11,31,787.50,20.63,929.06,723.69
008,391,340,312,353,33.4358,S,70.5217,W,28,7,2020,20,12,10,,20.63,929.06,723.69
008,421,345,314,363,33.4358,S,70.5218,W,28,7,2020,20,15,52,798.30,20.60,929.19,722.54
008,390,294,300,387,33.4358,S,70.5218,W,28,7,2020,20,16,31,796.60,20.60,929.19,722.54
008,382,339,309,366,33.4358,S,70.5218,W,28,7,2020,20,17,10,,20.60,929.19,722.54
008,88,79,93,70,33.4358,S,70.5218,W,28,7,2020,20,55,52,783.00,19.56,929.09,723.43
008,103,75,86,82,33.4358,S,70.5218,W,28,7,2020,20,56,31,786.20,19.56,929.09,723.43
008,110,85,87,96,33.4358,S,70.5218,W,28,7,2020,20,57,10,786.40,19.56,929.09,723.43
008,109,90,79,101,33.4358,S,70.5218,W,28,7,2020,21,0,52,797.00,19.13,929.17,722.72
008,70,67,73,62,33.4358,S,70.5218,W,28,7,2020,21,1,31,794.60,19.13,929.17,722.72
008,103,84,69,79,33.4358,S,70.5218,W,28,7,2020,21,2,10,794.50,19.13,929.17,722.72
008,79,61,57,70,33.4358,S,70.5218,W,28,7,2020,21,5,52,809.60,18.98,929.21,722.35
008,75,56,54,63,33.4358,S,70.5218,W,28,7,2020,21,6,31,805.60,18.98,929.21,722.35
008,71,61,53,64,33.4358,S,70.5218,W,28,7,2020,21,7,10,805.30,18.98,929.21,722.35
008,6,4,4,4,33.4358,S,70.5218,W,28,7,2020,21,12,28,800.00,18.58,929.23,722.21
008,0,0,0,0,33.4358,S,70.5218,W,28,7,2020,21,12,29,800.00,18.58,929.23,722.21
008,0,0,0,0,33.4358,S,70.5218,W,28,7,2020,21,12,30,799.90,18.58,929.23,722.21
008,34,24,35,36,33.4358,S,70.5218,W,28,7,2020,21,15,52,797.30,17.91,929.17,722.71
008,40,32,32,37,33.4358,S,70.5218,W,28,7,2020,21,16,31,797.80,17.91,929.17,722.71
008,44,29,28,28,33.4358,S,70.5218,W,28,7,2020,21,17,10,797.00,17.91,929.17,722.71
008,11,5,5,5,33.4358,S,70.5217,W,29,7,2020,12,20,52,0.00,4.14,926.79,743.99
008,10,5,5,5,33.4358,S,70.5217,W,29,7,2020,12,21,31,785.00,4.14,926.79,743.99
008,11,5,6,5,33.4358,S,70.5217,W,29,7,2020,12,22,10,787.30,4.14,926.79,743.99
008,12,5,5,5,33.4358,S,70.5217,W,29,7,2020,12,25,52,788.90,4.38,926.70,744.77
008,11,5,5,5,33.4358,S,70.5217,W,29,7,2020,12,26,31,787.70,4.38,926.70,744.77
008,11,5,5,5,33.4358,S,70.5217,W,29,7,2020,12,27,10,787.70,4.38,926.70,744.77
008,10,5,5,5,33.4358,S,70.5218,W,29,7,2020,12,30,52,782.90,4.47,926.71,744.69
008,12,5,5,5,33.4358,S,70.5218,W,29,7,2020,12,31,31,785.20,4.47,926.71,744.69
008,13,5,5,5,33.4358,S,70.5218,W,29,7,2020,12,32,10,785.70,4.47,926.71,744.69
008,11,5,5,5,33.4358,S,70.5218,W,29,7,2020,12,35,52,790.10,4.50,926.72,744.61
008,11,5,5,5,33.4358,S,70.5218,W,29,7,2020,12,36,31,788.80,4.50,926.72,744.61
008,11,5,5,4,33.4358,S,70.5218,W,29,7,2020,12,37,10,788.90,4.50,926.72,744.61
008,11,5,5,5,33.4358,S,70.5217,W,29,7,2020,12,40,52,795.30,4.64,926.78,744.09
008,11,5,5,5,33.4358,S,70.5218,W,29,7,2020,12,41,31,793.90,4.64,926.78,744.09
008,12,5,5,5,33.4358,S,70.5218,W,29,7,2020,12,42,10,794.00,4.64,926.78,744.09
008,102,90,72,98,33.4358,S,70.5218,W,29,7,2020,12,45,52,796.10,4.99,926.96,742.50
008,101,92,80,103,33.4358,S,70.5218,W,29,7,2020,12,46,31,796.10,4.99,926.96,742.50
008,79,56,71,86,33.4358,S,70.5218,W,29,7,2020,12,47,11,794.40,4.99,926.96,742.50
008,89,71,48,55,33.4358,S,70.5217,W,29,7,2020,12,50,52,794.60,5.73,926.86,743.37
008,144,94,62,62,33.4358,S,70.5217,W,29,7,2020,12,51,31,794.60,5.73,926.86,743.37
008,171,128,85,110,33.4358,S,70.5217,W,29,7,2020,12,52,10,794.40,5.73,926.86,743.37
008,5,4,4,3,33.4358,S,70.5217,W,0,0,2000,12,57,28,790.20,7.46,926.82,743.73
008,0,0,0,0,33.4358,S,70.5217,W,29,7,2020,12,57,29,790.20,7.46,926.82,743.73
008,0,0,0,0,33.4358,S,70.5217,W,29,7,2020,12,57,30,790.20,7.46,926.82,743.73
008,5,4,4,4,33.4358,S,70.5218,W,0,0,2000,13,2,28,787.70,8.80,926.80,743.93
008,0,0,0,0,33.4358,S,70.5218,W,29,7,2020,13,2,29,787.70,8.80,926.80,743.93
008,0,0,0,0,33.4358,S,70.5218,W,29,7,2020,13,2,30,787.70,8.80,926.80,743.93
008,5,4,4,4,33.4358,S,70.5218,W,0,0,2000,13,7,28,790.80,11.06,926.62,745.49
008,0,0,0,0,33.4358,S,70.5218,W,29,7,2020,13,7,29,790.80,11.06,926.62,745.49
008,0,0,0,0,33.4358,S,70.5218,W,29,7,2020,13,7,30,790.90,11.06,926.62,745.49
008,799,652,586,749,33.4358,S,70.5218,W,29,7,2020,13,10,52,0.00,13.48,926.69,744.87
008,758,620,593,750,33.4358,S,70.5218,W,29,7,2020,13,11,31,784.90,13.48,926.69,744.87
008,781,640,594,721,33.4358,S,70.5217,W,29,7,2020,13,12,11,,13.48,926.69,744.87
008,6,4,4,4,33.4358,S,70.5218,W,0,0,2000,13,17,28,789.20,15.34,926.55,746.13
008,0,0,0,0,33.4358,S,70.5218,W,29,7,2020,13,17,29,789.20,15.34,926.55,746.13
008,0,0,0,0,33.4358,S,70.5218,W,29,7,2020,13,17,30,789.20,15.34,926.55,746.13
008,6,4,4,4,33.4358,S,70.5217,W,0,0,2000,13,22,28,793.50,17.07,926.52,746.45
008,0,0,0,0,33.4358,S,70.5218,W,29,7,2020,13,22,29,793.50,17.07,926.52,746.45
008,0,0,0,0,33.4358,S,70.5218,W,29,7,2020,13,22,30,793.50,17.07,926.52,746.45
008,678,538,713,654,33.4359,S,70.5217,W,29,7,2020,13,25,52,0.00,19.00,926.77,744.20
008,814,659,725,923,33.4359,S,70.5217,W,29,7,2020,13,26,31,796.30,19.00,926.77,744.20
008,773,601,724,610,33.4359,S,70.5218,W,29,7,2020,13,27,11,,19.00,926.77,744.20
008,6,4,4,4,33.4359,S,70.5218,W,0,0,2000,13,32,28,799.10,19.76,926.65,745.22
008,0,0,0,0,33.4359,S,70.5218,W,29,7,2020,13,32,29,799.00,19.76,926.65,745.22
008,0,0,0,0,33.4359,S,70.5218,W,29,7,2020,13,32,30,798.90,19.76,926.65,745.22
008,6,4,4,4,33.4358,S,70.5218,W,0,0,2000,13,37,28,796.70,20.35,926.68,744.98
008,0,0,0,0,33.4358,S,70.5218,W,29,7,2020,13,37,29,796.70,20.35,926.68,744.98
008,0,0,0,0,33.4358,S,70.5218,W,29,7,2020,13,37,30,796.70,20.35,926.68,744.98
008,936,878,807,999,33.4359,S,70.5219,W,29,7,2020,13,40,52,0.00,21.09,926.81,743.83
008,1074,866,808,1006,33.4359,S,70.5219,W,29,7,2020,13,41,31,801.40,21.09,926.81,743.83
008,974,718,804,1029,33.4359,S,70.5219,W,29,7,2020,13,42,11,,21.09,926.81,743.83
008,6,4,4,4,33.4359,S,70.5218,W,0,0,2000,13,47,28,796.50,22.28,926.86,743.39
008,0,0,0,0,33.4359,S,70.5218,W,29,7,2020,13,47,29,796.60,22.28,926.86,743.39
008,0,0,0,0,33.4360,S,70.5219,W,29,7,2020,13,47,30,796.60,22.28,926.86,743.39
008,1127,935,866,1072,33.4359,S,70.5218,W,29,7,2020,13,50,52,0.00,23.02,926.71,744.76
008,1151,960,855,1105,33.4359,S,70.5218,W,29,7,2020,13,51,32,801.10,23.02,926.71,744.76
008,1039,642,870,1102,33.4359,S,70.5218,W,29,7,2020,13,52,11,,23.02,926.71,744.76
008,1127,966,872,1088,33.4359,S,70.5218,W,29,7,2020,13,55,52,0.00,24.42,926.89,743.08
008,1009,958,899,970,33.4359,S,70.5218,W,29,7,2020,13,56,32,800.60,24.42,926.89,743.08
008,1196,982,901,955,33.4359,S,70.5218,W,29,7,2020,13,57,11,,24.42,926.89,743.08
008,6,5,5,5,33.4359,S,70.5218,W,0,0,2000,14,2,28,798.90,25.99,926.91,742.91
008,0,0,0,0,33.4359,S,70.5219,W,29,7,2020,14,2,29,798.90,25.99,926.91,742.91
008,0,0,0,0,33.4359,S,70.5219,W,29,7,2020,14,2,30,798.90,25.99,926.91,742.91
008,1134,1015,953,1038,33.4359,S,70.5218,W,29,7,2020,14,5,53,791.40,26.84,926.91,742.90
008,1097,717,940,1182,33.4359,S,70.5218,W,29,7,2020,14,6,32,794.50,26.84,926.91,742.90
008,1261,971,961,1156,33.4359,S,70.5218,W,29,7,2020,14,7,11,,26.84,926.91,742.90
008,924,958,968,1142,33.4359,S,70.5217,W,29,7,2020,14,10,53,794.70,26.93,926.95,742.54
008,1241,1013,965,1194,33.4359,S,70.5218,W,29,7,2020,14,11,32,793.80,26.93,926.95,742.54
008,1290,1054,978,816,33.4360,S,70.5218,W,29,7,2020,14,12,11,,26.93,926.95,742.54
008,1063,823,1002,1245,33.4359,S,70.5217,W,29,7,2020,14,15,52,0.00,27.29,926.93,742.77
008,1207,1099,994,795,33.4359,S,70.5217,W,29,7,2020,14,16,32,785.30,27.29,926.93,742.77
008,1305,1085,999,1216,33.4359,S,70.5217,W,29,7,2020,14,17,11,,27.29,926.93,742.77
008,6,5,5,5,33.4359,S,70.5218,W,0,0,2000,14,22,28,787.50,28.23,926.82,743.76
008,0,0,0,0,33.4359,S,70.5218,W,29,7,2020,14,22,29,787.50,28.23,926.82,743.76
008,0,0,0,0,33.4359,S,70.5218,W,29,7,2020,14,22,30,787.50,28.23,926.82,743.76
008,1346,1128,1004,1286,33.4359,S,70.5218,W,29,7,2020,14,25,52,0.00,27.71,926.94,742.65
008,1325,927,1028,1291,33.4359,S,70.5218,W,29,7,2020,14,26,32,788.80,27.71,926.94,742.65
008,1196,1004,1024,1295,33.4359,S,70.5218,W,29,7,2020,14,27,11,,27.71,926.94,742.65
008,1376,1078,1048,1307,33.4359,S,70.5218,W,29,7,2020,14,30,52,0.00,27.43,926.96,742.51
008,1371,1062,1043,1278,33.4359,S,70.5218,W,29,7,2020,14,31,32,789.20,27.43,926.96,742.51
008,1378,784,1045,1210,33.4358,S,70.5217,W,29,7,2020,14,32,11,,27.43,926.96,742.51
008,6,5,5,5,33.4359,S,70.5218,W,0,0,2000,14,37,28,788.30,27.02,926.88,743.22
008,0,0,0,0,33.4359,S,70.5218,W,29,7,2020,14,37,29,788.30,27.02,926.88,743.22
008,0,0,0,0,33.4359,S,70.5218,W,29,7,2020,14,37,30,788.30,27.02,926.88,743.22
008,1410,1117,1082,916,33.4359,S,70.5218,W,29,7,2020,14,40,52,0.00,28.03,926.95,742.53
008,1317,1182,1081,1347,33.4359,S,70.5218,W,29,7,2020,14,41,32,790.20,28.03,926.95,742.53
008,1353,1071,1070,1356,33.4359,S,70.5218,W,29,7,2020,14,42,11,,28.03,926.95,742.53
008,1284,832,1081,1335,33.4359,S,70.5218,W,29,7,2020,14,45,52,0.00,28.20,926.97,742.37
008,1372,1198,1114,1315,33.4359,S,70.5218,W,29,7,2020,14,46,32,789.60,28.20,926.97,742.37
008,1142,1109,1104,779,33.4359,S,70.5218,W,29,7,2020,14,47,11,,28.20,926.97,742.37
008,1386,1159,1116,1385,33.4359,S,70.5218,W,29,7,2020,14,50,52,0.00,27.84,926.92,742.88
008,915,957,1097,956,33.4358,S,70.5218,W,29,7,2020,14,51,32,788.10,27.84,926.92,742.88
008,1333,1080,1099,1215,33.4358,S,70.5218,W,29,7,2020,14,52,11,,27.84,926.92,742.88
008,6,5,5,5,33.4359,S,70.5218,W,0,0,2000,14,57,28,787.60,26.20,926.95,742.57
008,0,0,0,0,33.4359,S,70.5218,W,29,7,2020,14,57,29,787.60,26.20,926.95,742.57
008,0,0,0,0,33.4359,S,70.5218,W,29,7,2020,14,57,30,787.60,26.20,926.95,742.57
008,6,5,5,4,33.4358,S,70.5218,W,0,0,2000,15,2,28,789.70,25.16,926.98,742.35
008,0,0,0,0,33.4358,S,70.5218,W,29,7,2020,15,2,29,789.70,25.16,926.98,742.35
008,0,0,0,0,33.4358,S,70.5218,W,29,7,2020,15,2,30,789.70,25.16,926.98,742.35
008,6,5,5,4,33.4358,S,70.5218,W,0,0,2000,15,7,28,794.20,25.26,926.97,742.43
008,0,0,0,0,33.4358,S,70.5218,W,29,7,2020,15,7,29,794.20,25.26,926.97,742.43
008,0,0,0,0,33.4358,S,70.5218,W,29,7,2020,15,7,30,794.20,25.26,926.97,742.43
008,1367,1211,1126,1262,33.4358,S,70.5217,W,29,7,2020,15,10,52,0.00,26.30,926.94,742.70
008,1115,1039,1119,1244,33.4358,S,70.5218,W,29,7,2020,15,11,32,795.90,26.30,926.94,742.70
008,1416,1210,1125,1403,33.4358,S,70.5218,W,29,7,2020,15,12,11,,26.30,926.94,742.70
008,1441,1206,1127,1371,33.4358,S,70.5218,W,29,7,2020,15,15,53,802.60,27.50,926.93,742.74
008,935,832,1114,966,33.4358,S,70.5218,W,29,7,2020,15,16,32,800.10,27.50,926.93,742.74
008,1448,1197,1116,1408,33.4358,S,70.5218,W,29,7,2020,15,17,11,,27.50,926.93,742.74
008,6,5,5,5,33.4358,S,70.5218,W,0,0,2000,15,22,28,795.20,26.89,926.90,743.03
008,0,0,0,0,33.4358,S,70.5218,W,29,7,2020,15,22,29,795.20,26.89,926.90,743.03
008,0,0,0,0,33.4358,S,70.5218,W,29,7,2020,15,22,30,795.20,26.89,926.90,743.03
008,6,5,5,5,33.4358,S,70.5218,W,0,0,2000,15,27,28,797.20,27.45,926.92,742.87
008,0,0,0,0,33.4358,S,70.5218,W,29,7,2020,15,27,29,797.20,27.45,926.92,742.87
008,0,0,0,0,33.4358,S,70.5218,W,29,7,2020,15,27,30,797.20,27.45,926.92,742.87
008,1461,1197,1108,1403,33.4358,S,70.5218,W,29,7,2020,15,30,53,797.70,27.39,927.03,741.89
008,1445,1201,1121,1391,33.4358,S,70.5218,W,29,7,2020,15,31,32,798.50,27.39,927.03,741.89
008,1477,1143,1135,1272,33.4358,S,70.5218,W,29,7,2020,15,32,11,,27.39,927.03,741.89
008,1482,1229,1146,1425,33.4358,S,70.5218,W,29,7,2020,15,35,53,782.80,25.47,927.08,741.38
008,1444,1233,1151,1342,33.4358,S,70.5218,W,29,7,2020,15,36,32,787.20,25.47,927.08,741.38
008,1324,1226,1150,1431,33.4358,S,70.5218,W,29,7,2020,15,37,11,,25.47,927.08,741.38
008,6,5,5,4,33.4358,S,70.5218,W,0,0,2000,15,42,28,789.00,24.77,926.92,742.80
008,0,0,0,0,33.4358,S,70.5218,W,29,7,2020,15,42,29,789.00,24.77,926.92,742.80
008,0,0,0,0,33.4358,S,70.5218,W,29,7,2020,15,42,30,789.00,24.77,926.92,742.80
008,1106,870,1140,1237,33.4358,S,70.5218,W,29,7,2020,15,45,53,796.00,25.17,926.96,742.44
008,1255,1198,1136,889,33.4358,S,70.5218,W,29,7,2020,15,46,32,795.40,25.17,926.96,742.44
008,1353,1228,1133,993,33.4358,S,70.5218,W,29,7,2020,15,47,11,,25.17,926.96,742.44
008,6,5,5,4,33.4359,S,70.5218,W,0,0,2000,15,52,28,799.60,25.46,926.96,742.48
008,0,0,0,0,33.4358,S,70.5218,W,29,7,2020,15,52,29,799.60,25.46,926.96,742.48
008,0,0,0,0,33.4358,S,70.5218,W,29,7,2020,15,52,30,799.50,25.46,926.96,742.48
008,1189,1167,1135,1258,33.4358,S,70.5218,W,29,7,2020,15,55,53,794.30,27.07,926.92,742.84
008,1465,1132,1133,1404,33.4358,S,70.5218,W,29,7,2020,15,56,32,796.90,27.07,926.92,742.84
008,1360,1087,1129,1329,33.4358,S,70.5218,W,29,7,2020,15,57,11,,27.07,926.92,742.84
008,1047,979,1109,1378,33.4358,S,70.5219,W,29,7,2020,16,0,53,795.50,27.75,926.89,743.10
008,1394,1139,1118,1354,33.4358,S,70.5218,W,29,7,2020,16,1,32,795.80,27.75,926.89,743.10
008,1442,1184,1100,1387,33.4358,S,70.5218,W,29,7,2020,16,2,11,,27.75,926.89,743.10
008,6,5,5,5,33.4358,S,70.5218,W,0,0,2000,16,7,28,793.90,27.84,926.78,744.09
008,0,0,0,0,33.4358,S,70.5218,W,29,7,2020,16,7,29,793.90,27.84,926.78,744.09
008,0,0,0,0,33.4358,S,70.5218,W,29,7,2020,16,7,30,793.90,27.84,926.78,744.09
008,1117,866,1103,1214,33.4358,S,70.5218,W,0,0,2000,16,10,53,791.50,25.93,926.86,743.34
008,1419,1180,1095,1343,33.4358,S,70.5218,W,0,0,2000,16,11,32,793.70,25.93,926.86,743.34
008,1201,1149,1111,1116,33.4358,S,70.5218,W,29,7,2020,16,12,11,,25.93,926.86,743.34
008,6,5,5,5,33.4358,S,70.5218,W,0,0,2000,16,17,28,796.20,26.56,926.93,742.71
008,0,0,0,0,33.4358,S,70.5218,W,29,7,2020,16,17,29,796.20,26.56,926.93,742.71
008,0,0,0,0,33.4358,S,70.5218,W,29,7,2020,16,17,30,796.20,26.56,926.93,742.71
008,6,5,5,4,33.4358,S,70.5218,W,0,0,2000,16,22,28,787.50,27.44,926.90,743.03
008,0,0,0,0,33.4358,S,70.5218,W,29,7,2020,16,22,29,787.50,27.44,926.90,743.03
008,0,0,0,0,33.4358,S,70.5218,W,29,7,2020,16,22,30,787.50,27.44,926.90,743.03
008,6,5,5,5,33.4358,S,70.5217,W,0,0,2000,16,27,28,788.40,29.06,926.95,742.57
008,0,0,0,0,33.4358,S,70.5218,W,29,7,2020,16,27,29,788.40,29.06,926.95,742.57
008,0,0,0,0,33.4358,S,70.5218,W,29,7,2020,16,27,30,788.40,29.06,926.95,742.57
008,6,5,5,5,33.4358,S,70.5218,W,29,7,2020,16,32,28,788.40,28.42,926.83,743.65
008,0,0,0,0,33.4358,S,70.5218,W,29,7,2020,16,32,29,788.40,28.42,926.83,743.65
008,0,0,0,0,33.4358,S,70.5218,W,29,7,2020,16,32,30,788.40,28.42,926.83,743.65
008,6,5,5,5,33.4358,S,70.5218,W,29,7,2020,16,37,28,786.70,28.56,926.72,744.66
008,0,0,0,0,33.4358,S,70.5217,W,29,7,2020,16,37,29,786.70,28.56,926.72,744.66
008,0,0,0,0,33.4358,S,70.5217,W,29,7,2020,16,37,30,786.70,28.56,926.72,744.66
008,6,5,5,5,33.4358,S,70.5217,W,29,7,2020,16,42,28,789.20,28.36,926.71,744.71
008,0,0,0,0,33.4358,S,70.5217,W,29,7,2020,16,42,29,789.20,28.36,926.71,744.71
008,0,0,0,0,33.4358,S,70.5217,W,29,7,2020,16,42,30,789.20,28.36,926.71,744.71
008,6,5,5,5,33.4358,S,70.5218,W,0,0,2000,16,47,28,789.40,28.59,926.65,745.25
008,0,0,0,0,33.4358,S,70.5218,W,29,7,2020,16,47,29,789.50,28.59,926.65,745.25
008,0,0,0,0,33.4358,S,70.5218,W,29,7,2020,16,47,30,789.50,28.59,926.65,745.25
008,6,5,5,5,33.4358,S,70.5218,W,0,0,2000,16,52,28,790.70,30.04,926.43,747.21
008,0,0,0,0,33.4358,S,70.5218,W,29,7,2020,16,52,29,790.70,30.04,926.43,747.21
008,0,0,0,0,33.4358,S,70.5217,W,29,7,2020,16,52,30,790.80,30.04,926.43,747.21
008,6,5,5,5,33.4357,S,70.5218,W,0,0,2000,16,57,28,790.60,30.25,926.41,747.41
008,0,0,0,0,33.4357,S,70.5218,W,29,7,2020,16,57,29,790.60,30.25,926.41,747.41
008,0,0,0,0,33.4358,S,70.5218,W,29,7,2020,16,57,30,790.60,30.25,926.41,747.41
008,1503,1235,1177,1452,33.4358,S,70.5217,W,0,0,2000,17,0,53,783.60,30.93,926.32,748.19
008,1500,1095,1175,1233,33.4358,S,70.5217,W,0,0,2000,17,1,32,786.10,30.93,926.32,748.19
008,1522,1252,1158,1338,33.4358,S,70.5218,W,29,7,2020,17,2,11,,30.93,926.32,748.19
008,6,5,5,5,33.4358,S,70.5218,W,0,0,2000,17,7,28,788.10,29.98,926.20,749.25
008,0,0,0,0,33.4358,S,70.5218,W,29,7,2020,17,7,29,788.00,29.98,926.20,749.25
008,0,0,0,0,33.4358,S,70.5218,W,29,7,2020,17,7,30,788.00,29.98,926.20,749.25
008,1499,1247,1174,1427,33.4358,S,70.5217,W,29,7,2020,17,10,53,793.10,29.70,926.19,749.41
008,1524,1228,1166,1321,33.4358,S,70.5217,W,29,7,2020,17,11,32,790.60,29.70,926.19,749.41
008,1524,1284,1176,1276,33.4358,S,70.5217,W,29,7,2020,17,12,11,,29.70,926.19,749.41
008,1425,1253,1195,1486,33.4358,S,70.5218,W,29,7,2020,17,15,53,787.80,29.34,926.08,750.34
008,1542,1285,1191,1463,33.4358,S,70.5218,W,29,7,2020,17,16,32,789.40,29.34,926.08,750.34
008,1575,1309,1222,1499,33.4358,S,70.5218,W,29,7,2020,17,17,11,,29.34,926.08,750.34
008,6,5,5,5,33.4358,S,70.5217,W,0,0,2000,17,22,28,799.50,29.62,926.01,750.96
008,0,0,0,0,33.4358,S,70.5217,W,29,7,2020,17,22,29,799.50,29.62,926.01,750.96
008,0,0,0,0,33.4358,S,70.5218,W,29,7,2020,17,22,30,799.50,29.62,926.01,750.96
008,6,5,5,5,33.4358,S,70.5217,W,0,0,2000,17,27,28,800.30,29.55,925.90,751.99
008,0,0,0,0,33.4358,S,70.5218,W,29,7,2020,17,27,29,800.30,29.55,925.90,751.99
008,0,0,0,0,33.4358,S,70.5218,W,29,7,2020,17,27,30,800.30,29.55,925.90,751.99
008,6,5,5,5,33.4359,S,70.5218,W,0,0,2000,17,32,28,780.00,29.54,925.85,752.39
008,0,0,0,0,33.4358,S,70.5218,W,29,7,2020,17,32,29,780.40,29.54,925.85,752.39
008,0,0,0,0,33.4358,S,70.5218,W,29,7,2020,17,32,30,780.60,29.54,925.85,752.39
008,1543,1201,1185,1408,33.4358,S,70.5218,W,29,7,2020,17,35,53,797.60,29.90,925.87,752.22
008,1313,1091,1201,1440,33.4358,S,70.5218,W,29,7,2020,17,36,32,795.40,29.90,925.87,752.22
008,1137,928,1184,1382,33.4358,S,70.5218,W,29,7,2020,17,37,11,,29.90,925.87,752.22
008,6,5,5,5,33.4358,S,70.5218,W,0,0,2000,17,42,28,799.50,31.04,925.80,752.87
008,0,0,0,0,33.4358,S,70.5218,W,29,7,2020,17,42,29,799.50,31.04,925.80,752.87
008,0,0,0,0,33.4358,S,70.5218,W,29,7,2020,17,42,30,799.50,31.04,925.80,752.87
008,1516,1248,1160,1379,33.4358,S,70.5218,W,29,7,2020,17,45,53,817.00,32.62,925.78,753.08
008,1501,1239,1164,1458,33.4358,S,70.5218,W,29,7,2020,17,46,32,806.30,32.62,925.78,753.08
008,1504,1249,1166,1414,33.4358,S,70.5217,W,29,7,2020,17,47,11,,32.62,925.78,753.08
008,1397,1250,1172,1450,33.4358,S,70.5218,W,29,7,2020,17,50,53,823.90,30.83,925.74,753.39
008,1502,1252,1162,1097,33.4358,S,70.5218,W,29,7,2020,17,51,32,804.50,30.83,925.74,753.39
008,1507,1258,1155,1424,33.4358,S,70.5218,W,29,7,2020,17,52,11,,30.83,925.74,753.39
008,6,5,5,5,33.4359,S,70.5218,W,0,0,2000,17,57,28,780.30,30.30,925.67,754.07
008,0,0,0,0,33.4359,S,70.5218,W,29,7,2020,17,57,29,780.30,30.30,925.67,754.07
008,0,0,0,0,33.4359,S,70.5218,W,29,7,2020,17,57,30,780.30,30.30,925.67,754.07
008,1416,1175,1117,1387,33.4359,S,70.5217,W,29,7,2020,18,0,53,787.30,30.98,925.72,753.54
008,1450,1197,1116,1386,33.4359,S,70.5217,W,29,7,2020,18,1,32,776.60,30.98,925.72,753.54
008,1320,1154,1083,1396,33.4359,S,70.5217,W,29,7,2020,18,2,11,,30.98,925.72,753.54
008,1477,1179,1144,1428,33.4359,S,70.5217,W,29,7,2020,18,5,53,783.60,31.25,925.73,753.49
008,1478,1235,1130,1356,33.4359,S,70.5217,W,29,7,2020,18,6,32,776.40,31.25,925.73,753.49
008,1460,1078,1133,1201,33.4359,S,70.5217,W,29,7,2020,18,7,11,,31.25,925.73,753.49
008,1372,1173,1134,1399,33.4359,S,70.5217,W,29,7,2020,18,10,53,783.10,30.15,925.69,753.86
008,1431,1029,1119,1392,33.4359,S,70.5217,W,29,7,2020,18,11,32,778.90,30.15,925.69,753.86
008,1457,1198,1105,1384,33.4359,S,70.5217,W,29,7,2020,18,12,11,,30.15,925.69,753.86
008,1438,1186,1110,1381,33.4358,S,70.5217,W,29,7,2020,18,15,53,786.20,31.16,925.63,754.39
008,1277,1006,1107,1377,33.4358,S,70.5217,W,29,7,2020,18,16,32,785.00,31.16,925.63,754.39
008,1377,1204,1119,1360,33.4358,S,70.5217,W,29,7,2020,18,17,11,,31.16,925.63,754.39
008,1308,1160,1072,1332,33.4359,S,70.5217,W,29,7,2020,18,20,53,794.70,31.55,925.56,755.01
008,1391,1087,1079,1341,33.4359,S,70.5217,W,29,7,2020,18,21,32,786.30,31.55,925.56,755.01
008,1327,980,1039,1224,33.4359,S,70.5217,W,29,7,2020,18,22,11,,31.55,925.56,755.01
008,7,5,5,5,33.4358,S,70.5217,W,29,7,2020,18,27,28,787.80,30.57,925.46,755.91
008,0,0,0,0,33.4358,S,70.5217,W,29,7,2020,18,27,29,787.80,30.57,925.46,755.91
008,0,0,0,0,33.4358,S,70.5217,W,29,7,2020,18,27,30,787.80,30.57,925.46,755.91
008,960,971,1051,1074,33.4359,S,70.5217,W,0,0,2000,18,30,53,787.90,31.27,925.49,755.68
008,1302,1071,1045,1306,33.4359,S,70.5217,W,0,0,2000,18,31,32,787.90,31.27,925.49,755.68
008,797,799,1016,898,33.4359,S,70.5217,W,29,7,2020,18,32,11,,31.27,925.49,755.68
008,1236,1133,1056,1310,33.4358,S,70.5217,W,0,0,2000,18,35,53,790.60,30.52,925.34,756.95
008,1360,1137,1031,1295,33.4358,S,70.5217,W,0,0,2000,18,36,32,791.30,30.52,925.34,756.95
008,1330,1038,1040,1291,33.4358,S,70.5217,W,29,7,2020,18,37,11,,30.52,925.34,756.95
008,6,5,5,5,33.4358,S,70.5218,W,0,0,2000,18,42,28,795.90,30.42,925.24,757.91
008,0,0,0,0,33.4358,S,70.5217,W,29,7,2020,18,42,29,795.90,30.42,925.24,757.91
008,0,0,0,0,33.4358,S,70.5217,W,29,7,2020,18,42,30,795.90,30.42,925.24,757.91
008,1209,988,968,1198,33.4359,S,70.5218,W,0,0,2000,18,50,53,794.50,29.96,925.09,759.22
008,1225,1044,973,1194,33.4359,S,70.5218,W,29,7,2020,18,51,32,790.70,29.96,925.09,759.22
008,1265,998,922,1216,33.4359,S,70.5217,W,29,7,2020,18,52,11,,29.96,925.09,759.22
008,1255,1040,963,1168,33.4358,S,70.5217,W,0,0,2000,18,55,53,789.90,30.83,925.09,759.24
008,978,806,945,1118,33.4358,S,70.5217,W,0,0,2000,18,56,32,790.80,30.83,925.09,759.24
008,1226,1036,932,1177,33.4358,S,70.5217,W,29,7,2020,18,57,11,,30.83,925.09,759.24
008,1057,1016,955,1190,33.4358,S,70.5217,W,0,0,2000,19,0,53,785.80,30.68,925.13,758.88
008,918,711,958,1026,33.4358,S,70.5217,W,0,0,2000,19,1,32,790.00,30.68,925.13,758.88
008,1100,921,986,1198,33.4358,S,70.5217,W,29,7,2020,19,2,11,,30.68,925.13,758.88
008,1129,752,935,1081,33.4359,S,70.5217,W,0,0,2000,19,5,53,790.00,30.96,925.08,759.33
008,1140,1027,947,1015,33.4358,S,70.5217,W,29,7,2020,19,6,32,789.80,30.96,925.08,759.33
008,1232,942,939,1062,33.4358,S,70.5217,W,29,7,2020,19,7,11,,30.96,925.08,759.33
008,6,5,5,5,33.4358,S,70.5218,W,0,0,2000,19,12,28,796.30,29.58,925.06,759.51
008,0,0,0,0,33.4358,S,70.5218,W,29,7,2020,19,12,29,796.30,29.58,925.06,759.51
008,0,0,0,0,33.4358,S,70.5218,W,29,7,2020,19,12,30,796.30,29.58,925.06,759.51
008,6,5,5,5,33.4358,S,70.5217,W,0,0,2000,19,17,28,791.40,29.39,924.94,760.57
008,0,0,0,0,33.4358,S,70.5217,W,29,7,2020,19,17,29,791.40,29.39,924.94,760.57
008,0,0,0,0,33.4358,S,70.5217,W,29,7,2020,19,17,30,791.40,29.39,924.94,760.57
008,1088,919,847,1038,33.4358,S,70.5218,W,29,7,2020,19,20,53,779.00,29.62,924.98,760.20
008,1046,847,867,863,33.4358,S,70.5217,W,29,7,2020,19,21,32,782.20,29.62,924.98,760.20
008,1123,909,874,1098,33.4358,S,70.5217,W,29,7,2020,19,22,11,,29.62,924.98,760.20
008,6,5,5,5,33.4359,S,70.5217,W,0,0,2000,19,27,28,782.60,29.57,924.86,761.32
008,0,0,0,0,33.4359,S,70.5217,W,29,7,2020,19,27,29,782.60,29.57,924.86,761.32
008,0,0,0,0,33.4359,S,70.5217,W,29,7,2020,19,27,30,782.70,29.57,924.86,761.32
008,765,712,796,668,33.4358,S,70.5217,W,0,0,2000,19,30,53,793.10,29.67,924.88,761.10
008,903,830,790,987,33.4358,S,70.5217,W,0,0,2000,19,31,32,796.20,29.67,924.88,761.10
008,1066,836,773,777,33.4359,S,70.5217,W,29,7,2020,19,32,11,,29.67,924.88,761.10
008,6,5,5,5,33.4358,S,70.5218,W,0,0,2000,19,37,28,797.10,29.13,924.80,761.84
008,0,0,0,0,33.4358,S,70.5218,W,29,7,2020,19,37,29,797.10,29.13,924.80,761.84
008,0,0,0,0,33.4358,S,70.5217,W,29,7,2020,19,37,30,797.10,29.13,924.80,761.84
008,946,787,738,896,33.4359,S,70.5217,W,29,7,2020,19,40,53,792.10,28.45,924.83,761.53
008,815,719,719,897,33.4358,S,70.5218,W,29,7,2020,19,41,32,796.00,28.45,924.83,761.53
008,793,622,727,741,33.4358,S,70.5217,W,29,7,2020,19,42,11,,28.45,924.83,761.53
008,934,727,712,899,33.4358,S,70.5217,W,0,0,2000,19,45,53,786.20,27.02,924.83,761.54
008,765,599,722,863,33.4358,S,70.5217,W,0,0,2000,19,46,32,795.80,27.02,924.83,761.54
008,927,768,720,835,33.4358,S,70.5217,W,29,7,2020,19,47,11,,27.02,924.83,761.54
008,895,706,667,730,33.4358,S,70.5217,W,29,7,2020,19,50,53,793.20,28.30,924.87,761.24
008,854,620,677,822,33.4358,S,70.5217,W,29,7,2020,19,51,32,794.10,28.30,924.87,761.24
008,849,734,674,790,33.4358,S,70.5217,W,29,7,2020,19,52,11,,28.30,924.87,761.24
008,6,5,5,5,33.4358,S,70.5218,W,0,0,2000,19,57,28,794.40,27.43,924.78,762.01
008,0,0,0,0,33.4358,S,70.5218,W,29,7,2020,19,57,29,794.40,27.43,924.78,762.01
008,0,0,0,0,33.4358,S,70.5217,W,29,7,2020,19,57,30,794.30,27.43,924.78,762.01
008,6,5,5,4,33.4359,S,70.5217,W,0,0,2000,20,2,28,800.20,27.66,924.66,763.08
008,0,0,0,0,33.4359,S,70.5217,W,29,7,2020,20,2,29,800.20,27.66,924.66,763.08
008,0,0,0,0,33.4359,S,70.5217,W,29,7,2020,20,2,30,800.20,27.66,924.66,763.08
008,6,5,5,5,33.4358,S,70.5217,W,0,0,2000,20,7,28,798.20,27.94,924.68,762.94
008,0,0,0,0,33.4358,S,70.5218,W,29,7,2020,20,7,29,798.20,27.94,924.68,762.94
008,0,0,0,0,33.4358,S,70.5218,W,29,7,2020,20,7,30,798.20,27.94,924.68,762.94
008,688,585,524,461,33.4358,S,70.5217,W,0,0,2000,20,10,53,807.00,26.85,924.76,762.15
008,700,584,526,620,33.4358,S,70.5218,W,0,0,2000,20,11,32,806.60,26.85,924.76,762.15
008,679,578,516,520,33.4358,S,70.5218,W,29,7,2020,20,12,11,,26.85,924.76,762.15
008,627,503,472,613,33.4358,S,70.5217,W,29,7,2020,20,15,53,795.10,25.80,924.83,761.59
008,597,480,469,606,33.4358,S,70.5217,W,29,7,2020,20,16,32,804.90,25.80,924.83,761.59
008,630,454,471,559,33.4358,S,70.5217,W,29,7,2020,20,17,11,,25.80,924.83,761.59
008,6,5,5,4,33.4358,S,70.5217,W,0,0,2000,20,22,28,800.50,25.22,924.67,763.04
008,0,0,0,0,33.4358,S,70.5217,W,29,7,2020,20,22,29,800.40,25.22,924.67,763.04
008,0,0,0,0,33.4358,S,70.5217,W,29,7,2020,20,22,30,800.40,25.22,924.67,763.04
008,540,444,394,499,33.4358,S,70.5218,W,29,7,2020,20,25,53,795.60,26.10,924.57,763.87
008,512,432,385,484,33.4358,S,70.5217,W,29,7,2020,20,26,32,799.60,26.10,924.57,763.87
008,521,429,386,456,33.4358,S,70.5218,W,29,7,2020,20,27,11,,26.10,924.57,763.87
008,6,5,5,4,33.4358,S,70.5218,W,0,0,2000,20,32,28,788.60,26.86,924.59,763.74
008,0,0,0,0,33.4358,S,70.5218,W,29,7,2020,20,32,29,788.60,26.86,924.59,763.74
008,0,0,0,0,33.4358,S,70.5218,W,29,7,2020,20,32,30,788.60,26.86,924.59,763.74
008,339,287,303,364,33.4358,S,70.5218,W,0,0,2000,20,35,53,793.10,25.61,924.65,763.21
008,342,254,317,370,33.4358,S,70.5218,W,0,0,2000,20,36,32,799.90,25.61,924.65,763.21
008,397,264,303,385,33.4358,S,70.5218,W,29,7,2020,20,37,11,,25.61,924.65,763.21
008,328,232,295,378,33.4358,S,70.5217,W,29,7,2020,20,40,53,801.70,25.51,924.70,762.76
008,388,304,290,348,33.4358,S,70.5217,W,29,7,2020,20,41,32,799.50,25.51,924.70,762.76
008,371,281,278,330,33.4358,S,70.5217,W,29,7,2020,20,42,11,,25.51,924.70,762.76
008,6,5,5,4,33.4358,S,70.5217,W,0,0,2000,20,47,28,798.60,25.85,924.51,764.42
008,0,0,0,0,33.4358,S,70.5217,W,29,7,2020,20,47,29,798.50,25.85,924.51,764.42
008,0,0,0,0,33.4358,S,70.5218,W,29,7,2020,20,47,30,798.50,25.85,924.51,764.42
008,251,180,208,262,33.4358,S,70.5218,W,0,0,2000,20,50,53,790.10,25.52,924.65,763.14
008,257,168,216,273,33.4358,S,70.5218,W,0,0,2000,20,51,32,792.50,25.52,924.65,763.14
008,295,232,209,273,33.4358,S,70.5218,W,29,7,2020,20,52,11,,25.52,924.65,763.14
008,6,5,5,4,33.4358,S,70.5217,W,0,0,2000,20,57,28,789.70,25.05,924.51,764.46
008,0,0,0,0,33.4358,S,70.5217,W,29,7,2020,20,57,29,789.70,25.05,924.51,764.46
008,0,0,0,0,33.4358,S,70.5217,W,29,7,2020,20,57,30,789.70,25.05,924.51,764.46
008,167,126,151,137,33.4358,S,70.5218,W,0,0,2000,21,0,53,814.10,25.13,924.48,764.71
008,204,170,130,194,33.4358,S,70.5218,W,29,7,2020,21,1,32,797.80,25.13,924.48,764.71
008,175,151,136,144,33.4358,S,70.5218,W,29,7,2020,21,2,11,,25.13,924.48,764.71
008,164,134,115,149,33.4358,S,70.5218,W,0,0,2000,21,5,53,789.60,24.76,924.57,763.89
008,151,123,106,141,33.4358,S,70.5218,W,0,0,2000,21,6,32,791.70,24.76,924.57,763.89
008,117,94,104,129,33.4358,S,70.5218,W,29,7,2020,21,7,11,791.40,24.76,924.57,763.89
008,117,93,84,111,33.4358,S,70.5218,W,0,0,2000,21,10,53,788.10,23.99,924.57,763.90
008,117,87,80,81,33.4358,S,70.5218,W,0,0,2000,21,11,32,788.20,23.99,924.57,763.90
008,87,67,78,99,33.4358,S,70.5218,W,29,7,2020,21,12,11,788.50,23.99,924.57,763.90
008,66,68,60,61,33.4358,S,70.5218,W,0,0,2000,21,15,53,787.50,23.10,924.60,763.60
008,83,64,57,70,33.4358,S,70.5218,W,0,0,2000,21,16,32,788.70,23.10,924.60,763.60
008,63,55,56,63,33.4358,S,70.5217,W,29,7,2020,21,17,11,788.60,23.10,924.60,763.60
008,11,5,5,5,33.4358,S,70.5218,W,0,0,2000,12,20,53,0.00,4.36,929.18,722.60
008,10,5,5,5,33.4358,S,70.5218,W,30,7,2020,12,21,32,795.70,4.36,929.18,722.60
008,11,6,5,5,33.4358,S,70.5217,W,30,7,2020,12,22,11,790.80,4.36,929.18,722.60
008,12,5,5,5,33.4358,S,70.5218,W,0,0,2000,12,25,53,795.40,4.82,929.39,720.75
008,10,5,5,5,33.4358,S,70.5218,W,30,7,2020,12,26,32,793.30,4.82,929.39,720.75
008,14,5,5,5,33.4358,S,70.5218,W,30,7,2020,12,27,11,792.90,4.82,929.39,720.75
008,11,5,5,4,33.4358,S,70.5217,W,0,0,2000,12,30,53,805.00,5.02,929.33,721.29
008,11,5,5,4,33.4358,S,70.5217,W,30,7,2020,12,31,32,801.20,5.02,929.33,721.29
008,10,5,5,5,33.4358,S,70.5217,W,30,7,2020,12,32,11,801.20,5.02,929.33,721.29
008,10,5,5,5,33.4358,S,70.5218,W,0,0,2000,12,35,53,806.60,5.28,929.45,720.20
008,11,5,5,5,33.4358,S,70.5218,W,30,7,2020,12,36,32,804.60,5.28,929.45,720.20
008,10,5,5,5,33.4358,S,70.5218,W,30,7,2020,12,37,11,804.60,5.28,929.45,720.20
008,10,5,5,5,33.4358,S,70.5217,W,0,0,2000,12,40,53,803.60,5.96,929.61,718.79
008,10,5,5,4,33.4358,S,70.5217,W,30,7,2020,12,41,32,802.40,5.96,929.61,718.79
008,10,5,5,5,33.4358,S,70.5217,W,30,7,2020,12,42,11,802.30,5.96,929.61,718.79
008,10,5,5,4,33.4358,S,70.5218,W,0,0,2000,12,45,53,803.20,6.50,929.69,718.09
008,10,5,5,5,33.4358,S,70.5218,W,30,7,2020,12,46,32,802.50,6.50,929.69,718.09
008,9,5,5,5,33.4358,S,70.5218,W,30,7,2020,12,47,11,802.50,6.50,929.69,718.09
008,11,5,5,5,33.4358,S,70.5218,W,0,0,2000,12,50,53,792.10,6.96,929.65,718.44
008,9,5,5,5,33.4358,S,70.5218,W,30,7,2020,12,51,32,794.30,6.96,929.65,718.44
008,10,5,5,4,33.4358,S,70.5217,W,30,7,2020,12,52,11,794.30,6.96,929.65,718.44
008,103,77,70,90,33.4358,S,70.5218,W,0,0,2000,12,55,53,792.50,7.64,929.50,719.79
008,36,28,50,23,33.4358,S,70.5218,W,30,7,2020,12,56,32,793.90,7.64,929.50,719.79
008,29,18,28,20,33.4358,S,70.5218,W,30,7,2020,12,57,11,794.00,7.64,929.50,719.79
008,24,13,21,16,33.4358,S,70.5218,W,0,0,2000,13,0,53,782.90,8.68,929.52,719.59
008,9,5,5,4,33.4358,S,70.5218,W,30,7,2020,13,1,32,785.00,8.68,929.52,719.59
008,10,5,5,4,33.4358,S,70.5218,W,30,7,2020,13,2,11,785.50,8.68,929.52,719.59
008,9,5,5,5,33.4358,S,70.5218,W,0,0,2000,13,5,53,790.60,8.97,929.35,721.13
008,39,27,39,22,33.4358,S,70.5218,W,30,7,2020,13,6,32,789.40,8.97,929.35,721.13
008,68,61,63,43,33.4358,S,70.5218,W,30,7,2020,13,7,11,789.40,8.97,929.35,721.13
008,5,4,4,4,33.4358,S,70.5218,W,30,7,2020,13,12,28,794.60,10.35,929.17,722.71
008,0,0,0,0,33.4358,S,70.5218,W,30,7,2020,13,12,29,794.60,10.35,929.17,722.71
008,0,0,0,0,33.4358,S,70.5218,W,30,7,2020,13,12,30,794.60,10.35,929.17,722.71
008,588,466,436,326,33.4359,S,70.5218,W,0,0,2000,13,15,53,795.30,10.63,929.22,722.31
008,578,434,443,433,33.4358,S,70.5218,W,30,7,2020,13,16,32,798.50,10.63,929.22,722.31
008,451,331,447,476,33.4359,S,70.5217,W,30,7,2020,13,17,11,,10.63,929.22,722.31
008,288,237,267,289,33.4359,S,70.5218,W,0,0,2000,13,20,53,794.20,13.05,929.10,723.37
008,438,314,328,341,33.4359,S,70.5218,W,30,7,2020,13,21,32,794.80,13.05,929.10,723.37
008,285,248,253,232,33.4359,S,70.5218,W,30,7,2020,13,22,11,,13.05,929.10,723.37
008,347,289,281,331,33.4359,S,70.5218,W,0,0,2000,13,25,53,792.50,15.69,929.17,722.69
008,289,260,265,268,33.4359,S,70.5218,W,30,7,2020,13,26,32,794.10,15.69,929.17,722.69
008,197,196,217,155,33.4359,S,70.5218,W,30,7,2020,13,27,11,,15.69,929.17,722.69
008,392,439,494,531,33.4359,S,70.5218,W,0,0,2000,13,30,53,798.10,15.31,929.16,722.78
008,618,510,445,560,33.4359,S,70.5218,W,30,7,2020,13,31,32,797.20,15.31,929.16,722.78
008,341,264,273,253,33.4359,S,70.5218,W,30,7,2020,13,32,11,,15.31,929.16,722.78
