008,1091,892,929,1106,33.5567,S,70.5995,W,13,7,2020,15,33,45,0.00,24.82,948.93,547.77
008,1122,876,932,1087,33.5567,S,70.5995,W,13,7,2020,15,34,24,630.90,24.82,948.93,547.77
008,1171,967,905,1090,33.5567,S,70.5995,W,13,7,2020,15,35,4,,24.82,948.93,547.77
008,6,5,5,4,33.5567,S,70.5995,W,13,7,2020,15,47,19,624.40,26.17,948.72,549.64
008,0,0,0,0,33.5566,S,70.5995,W,13,7,2020,15,47,20,624.40,26.17,948.72,549.64
008,0,0,0,0,33.5566,S,70.5995,W,13,7,2020,15,47,21,624.40,26.17,948.72,549.64
008,5,5,5,4,33.5566,S,70.5995,W,13,7,2020,15,52,19,631.30,26.86,948.89,548.11
008,0,0,0,0,33.5566,S,70.5995,W,13,7,2020,15,52,20,631.30,26.86,948.89,548.11
008,0,0,0,0,33.5566,S,70.5995,W,13,7,2020,15,52,21,631.30,26.86,948.89,548.11
008,5,5,5,4,33.5566,S,70.5995,W,13,7,2020,15,57,19,631.00,27.57,948.77,549.18
008,0,0,0,0,33.5566,S,70.5995,W,13,7,2020,15,57,20,631.00,27.57,948.77,549.18
008,0,0,0,0,33.5566,S,70.5995,W,13,7,2020,15,57,21,631.00,27.57,948.77,549.18
008,5,5,5,5,33.5566,S,70.5995,W,13,7,2020,16,2,19,626.70,27.14,948.55,551.06
008,0,0,0,0,33.5566,S,70.5995,W,13,7,2020,16,2,20,626.70,27.14,948.55,551.06
008,0,0,0,0,33.5566,S,70.5995,W,13,7,2020,16,2,21,626.70,27.14,948.55,551.06
008,1348,1115,1058,1315,33.5566,S,70.5995,W,13,7,2020,16,5,43,624.40,26.65,948.59,550.71
008,1246,1126,1037,1273,33.5566,S,70.5995,W,13,7,2020,16,6,22,625.40,26.65,948.59,550.71
008,1301,1128,1044,1228,33.5567,S,70.5995,W,13,7,2020,16,7,1,,26.65,948.59,550.71
008,1243,1073,981,1200,33.5566,S,70.5995,W,13,7,2020,16,10,43,627.00,26.85,948.57,550.91
008,1128,895,976,1219,33.5566,S,70.5995,W,13,7,2020,16,11,22,626.00,26.85,948.57,550.91
008,1220,1026,967,1146,33.5566,S,70.5995,W,13,7,2020,16,12,1,,26.85,948.57,550.91
008,1175,983,940,1107,33.5566,S,70.5995,W,13,7,2020,16,15,43,623.00,27.21,948.40,552.45
008,1190,1050,967,993,33.5566,S,70.5995,W,13,7,2020,16,16,22,626.10,27.21,948.40,552.45
008,1303,1084,1022,1149,33.5566,S,70.5995,W,13,7,2020,16,17,1,,27.21,948.40,552.45
008,5,5,5,4,33.5566,S,70.5995,W,13,7,2020,16,22,19,622.60,27.44,948.29,553.40
008,0,0,0,0,33.5566,S,70.5995,W,13,7,2020,16,22,20,622.60,27.44,948.29,553.40
008,0,0,0,0,33.5566,S,70.5995,W,13,7,2020,16,22,21,622.60,27.44,948.29,553.40
008,1295,1069,992,1036,33.5566,S,70.5995,W,13,7,2020,16,25,43,628.70,27.31,948.44,552.05
008,1292,1080,1008,1226,33.5566,S,70.5995,W,13,7,2020,16,26,22,626.80,27.31,948.44,552.05
008,1247,969,992,1259,33.5566,S,70.5995,W,13,7,2020,16,27,1,,27.31,948.44,552.05
008,5,5,5,5,33.5566,S,70.5995,W,13,7,2020,16,32,19,624.70,27.87,948.28,553.45
008,0,0,0,0,33.5566,S,70.5995,W,13,7,2020,16,32,20,624.70,27.87,948.28,553.45
008,0,0,0,0,33.5566,S,70.5995,W,13,7,2020,16,32,21,624.70,27.87,948.28,553.45
008,1338,1081,1038,1220,33.5566,S,70.5995,W,13,7,2020,16,35,43,631.60,28.40,948.24,553.82
008,1336,1107,1031,1279,33.5566,S,70.5995,W,13,7,2020,16,36,22,629.80,28.40,948.24,553.82
008,764,620,962,967,33.5566,S,70.5995,W,13,7,2020,16,37,1,,28.40,948.24,553.82
008,5,5,5,5,33.5566,S,70.5996,W,13,7,2020,16,42,19,633.50,28.74,948.08,555.18
008,0,0,0,0,33.5566,S,70.5996,W,13,7,2020,16,42,20,633.50,28.74,948.08,555.18
008,0,0,0,0,33.5566,S,70.5996,W,13,7,2020,16,42,21,633.50,28.74,948.08,555.18
008,1388,1139,1094,1348,33.5566,S,70.5995,W,13,7,2020,16,45,43,630.30,28.70,948.08,555.22
008,1399,1164,1088,1343,33.5566,S,70.5995,W,13,7,2020,16,46,22,631.70,28.70,948.08,555.22
008,1393,1156,1009,1347,33.5566,S,70.5995,W,13,7,2020,16,47,1,,28.70,948.08,555.22
008,1299,1072,998,1252,33.5565,S,70.5995,W,13,7,2020,16,50,43,628.70,28.56,947.97,556.20
008,1221,1101,1014,1265,33.5566,S,70.5995,W,13,7,2020,16,51,22,630.90,28.56,947.97,556.20
008,1294,1065,949,1248,33.5566,S,70.5995,W,13,7,2020,16,52,1,,28.56,947.97,556.20
008,5,5,5,5,33.5565,S,70.5995,W,13,7,2020,16,57,19,626.70,29.11,947.94,556.41
008,0,0,0,0,33.5565,S,70.5995,W,13,7,2020,16,57,20,626.70,29.11,947.94,556.41
008,0,0,0,0,33.5565,S,70.5995,W,13,7,2020,16,57,21,626.70,29.11,947.94,556.41
008,5,5,5,5,33.5566,S,70.5995,W,13,7,2020,17,12,19,632.50,29.35,947.70,558.52
008,0,0,0,0,33.5566,S,70.5995,W,13,7,2020,17,12,20,632.50,29.35,947.70,558.52
008,0,0,0,0,33.5566,S,70.5995,W,13,7,2020,17,12,21,632.50,29.35,947.70,558.52
008,1310,1036,1014,1214,33.5565,S,70.5995,W,13,7,2020,17,15,43,625.70,29.24,947.72,558.42
008,1123,1041,988,1185,33.5565,S,70.5995,W,13,7,2020,17,16,22,627.00,29.24,947.72,558.42
008,1224,874,965,1195,33.5565,S,70.5995,W,13,7,2020,17,17,1,,29.24,947.72,558.42
008,1202,971,961,1151,33.5566,S,70.5995,W,13,7,2020,17,20,43,622.80,29.18,947.55,559.88
008,1216,1014,935,1165,33.5566,S,70.5995,W,13,7,2020,17,21,22,624.50,29.18,947.55,559.88
008,1174,976,909,1121,33.5566,S,70.5995,W,13,7,2020,17,22,1,,29.18,947.55,559.88
008,1236,1006,934,1181,33.5565,S,70.5995,W,13,7,2020,17,25,43,618.60,29.86,947.54,560.00
008,1228,972,956,1175,33.5565,S,70.5995,W,13,7,2020,17,26,22,620.00,29.86,947.54,560.00
008,1136,932,974,1208,33.5565,S,70.5995,W,13,7,2020,17,27,1,,29.86,947.54,560.00
008,1234,1006,939,1164,33.5566,S,70.5995,W,13,7,2020,17,30,43,631.20,30.79,947.65,558.97
008,1173,931,926,933,33.5566,S,70.5995,W,13,7,2020,17,31,22,627.80,30.79,947.65,558.97
008,1208,1001,930,1156,33.5566,S,70.5995,W,13,7,2020,17,32,1,,30.79,947.65,558.97
008,1176,979,907,1119,33.5566,S,70.5995,W,13,7,2020,17,35,43,636.00,30.46,947.57,559.67
008,1143,990,914,1078,33.5566,S,70.5995,W,13,7,2020,17,36,22,631.50,30.46,947.57,559.67
008,1175,965,906,1131,33.5566,S,70.5995,W,13,7,2020,17,37,1,,30.46,947.57,559.67
008,5,5,5,5,33.5565,S,70.5995,W,13,7,2020,17,42,19,632.00,30.17,947.42,561.05
008,0,0,0,0,33.5565,S,70.5995,W,13,7,2020,17,42,20,632.00,30.17,947.42,561.05
008,0,0,0,0,33.5565,S,70.5995,W,13,7,2020,17,42,21,632.00,30.17,947.42,561.05
008,5,5,5,5,33.5565,S,70.5995,W,13,7,2020,17,47,19,628.60,30.32,947.54,560.00
008,0,0,0,0,33.5565,S,70.5995,W,13,7,2020,17,47,20,628.60,30.32,947.54,560.00
008,0,0,0,0,33.5565,S,70.5995,W,13,7,2020,17,47,21,628.60,30.32,947.54,560.00
008,1185,979,927,1143,33.5566,S,70.5995,W,13,7,2020,17,50,43,620.80,30.95,947.51,560.27
008,1085,716,924,1151,33.5566,S,70.5995,W,13,7,2020,17,51,22,623.20,30.95,947.51,560.27
008,1073,995,922,1110,33.5566,S,70.5995,W,13,7,2020,17,52,1,,30.95,947.51,560.27
008,951,736,896,1126,33.5566,S,70.5996,W,13,7,2020,17,55,43,628.50,30.72,947.44,560.82
008,814,771,889,581,33.5566,S,70.5996,W,13,7,2020,17,56,22,628.00,30.72,947.44,560.82
008,1125,921,896,1043,33.5566,S,70.5996,W,13,7,2020,17,57,1,,30.72,947.44,560.82
008,5,5,5,5,33.5566,S,70.5995,W,13,7,2020,18,2,19,626.80,30.61,947.48,560.51
008,0,0,0,0,33.5566,S,70.5995,W,13,7,2020,18,2,20,626.80,30.61,947.48,560.51
008,0,0,0,0,33.5566,S,70.5995,W,13,7,2020,18,2,21,626.80,30.61,947.48,560.51
008,784,780,845,555,33.5566,S,70.5995,W,13,7,2020,18,5,43,625.70,31.47,947.51,560.20
008,791,796,843,877,33.5566,S,70.5995,W,13,7,2020,18,6,22,627.10,31.47,947.51,560.20
008,990,774,837,1044,33.5566,S,70.5995,W,13,7,2020,18,7,1,,31.47,947.51,560.20
008,1118,827,837,1065,33.5566,S,70.5995,W,13,7,2020,18,10,43,630.20,31.75,947.46,560.67
008,1122,921,869,1055,33.5566,S,70.5995,W,13,7,2020,18,11,22,629.80,31.75,947.46,560.67
008,1131,940,872,1058,33.5566,S,70.5995,W,13,7,2020,18,12,1,,31.75,947.46,560.67
008,736,593,798,766,33.5566,S,70.5996,W,13,7,2020,18,15,43,625.40,31.01,947.58,559.65
008,1047,778,804,821,33.5566,S,70.5996,W,13,7,2020,18,16,22,627.70,31.01,947.58,559.65
008,1046,868,770,1003,33.5566,S,70.5996,W,13,7,2020,18,17,1,,31.01,947.58,559.65
008,983,848,785,969,33.5566,S,70.5995,W,13,7,2020,18,20,43,636.90,30.46,947.57,559.74
008,980,816,771,966,33.5566,S,70.5995,W,13,7,2020,18,21,22,628.30,30.46,947.57,559.74
008,995,829,746,935,33.5566,S,70.5995,W,13,7,2020,18,22,1,,30.46,947.57,559.74
008,1040,864,796,998,33.5565,S,70.5995,W,13,7,2020,18,25,43,626.80,30.14,947.50,560.34
008,871,701,793,850,33.5565,S,70.5995,W,13,7,2020,18,26,22,627.10,30.14,947.50,560.34
008,1057,872,779,980,33.5565,S,70.5995,W,13,7,2020,18,27,1,,30.14,947.50,560.34
008,851,701,693,806,33.5566,S,70.5995,W,13,7,2020,18,30,43,632.90,29.52,947.46,560.69
008,914,766,686,879,33.5566,S,70.5995,W,13,7,2020,18,31,22,632.00,29.52,947.46,560.69
008,909,765,693,884,33.5566,S,70.5995,W,13,7,2020,18,32,1,,29.52,947.46,560.69
008,964,797,712,910,33.5566,S,70.5995,W,13,7,2020,18,35,43,637.60,29.65,947.53,560.07
008,944,748,723,908,33.5566,S,70.5995,W,13,7,2020,18,36,22,636.70,29.65,947.53,560.07
008,922,734,725,901,33.5566,S,70.5995,W,13,7,2020,18,37,1,,29.65,947.53,560.07
008,5,5,5,5,33.5566,S,70.5995,W,13,7,2020,18,42,19,636.80,29.76,947.48,560.52
008,0,0,0,0,33.5566,S,70.5995,W,13,7,2020,18,42,20,636.80,29.76,947.48,560.52
008,0,0,0,0,33.5566,S,70.5995,W,13,7,2020,18,42,21,636.80,29.76,947.48,560.52
008,5,5,5,5,33.5566,S,70.5995,W,13,7,2020,18,47,19,636.70,28.99,947.45,560.73
008,0,0,0,0,33.5566,S,70.5995,W,13,7,2020,18,47,20,636.70,28.99,947.45,560.73
008,0,0,0,0,33.5565,S,70.5995,W,13,7,2020,18,47,21,636.70,28.99,947.45,560.73
008,906,734,691,826,33.5566,S,70.5994,W,13,7,2020,18,50,43,640.30,28.78,947.47,560.56
008,806,669,698,875,33.5566,S,70.5994,W,13,7,2020,18,51,22,639.00,28.78,947.47,560.56
008,914,746,698,720,33.5566,S,70.5994,W,13,7,2020,18,52,1,,28.78,947.47,560.56
008,5,5,5,4,33.5566,S,70.5995,W,13,7,2020,18,57,19,633.30,28.45,947.47,560.59
008,0,0,0,0,33.5566,S,70.5995,W,13,7,2020,18,57,20,633.30,28.45,947.47,560.59
008,0,0,0,0,33.5566,S,70.5995,W,13,7,2020,18,57,21,633.30,28.45,947.47,560.59
008,930,751,716,882,33.5566,S,70.5995,W,13,7,2020,19,0,43,635.60,29.47,947.39,561.31
008,604,546,695,642,33.5566,S,70.5995,W,13,7,2020,19,1,22,633.90,29.47,947.39,561.31
008,784,598,710,859,33.5566,S,70.5995,W,13,7,2020,19,2,1,,29.47,947.39,561.31
008,836,784,736,575,33.5566,S,70.5994,W,13,7,2020,19,5,43,636.40,30.46,947.42,560.98
008,770,672,739,723,33.5566,S,70.5994,W,13,7,2020,19,6,22,634.00,30.46,947.42,560.98
008,892,737,734,872,33.5566,S,70.5994,W,13,7,2020,19,7,1,,30.46,947.42,560.98
008,925,751,702,872,33.5566,S,70.5995,W,13,7,2020,19,10,43,632.40,31.15,947.39,561.27
008,912,695,699,879,33.5566,S,70.5995,W,13,7,2020,19,11,22,632.50,31.15,947.39,561.27
008,884,738,692,865,33.5566,S,70.5995,W,13,7,2020,19,12,1,,31.15,947.39,561.27
008,6,5,5,5,33.5566,S,70.5995,W,13,7,2020,19,17,19,629.80,30.19,947.34,561.71
008,0,0,0,0,33.5566,S,70.5995,W,13,7,2020,19,17,20,629.80,30.19,947.34,561.71
008,0,0,0,0,33.5566,S,70.5995,W,13,7,2020,19,17,21,629.80,30.19,947.34,561.71
008,863,689,651,757,33.5566,S,70.5995,W,13,7,2020,19,20,43,630.80,28.81,947.32,561.91
008,526,494,614,543,33.5566,S,70.5995,W,13,7,2020,19,21,22,630.40,28.81,947.32,561.91
008,478,476,607,534,33.5566,S,70.5995,W,13,7,2020,19,22,1,,28.81,947.32,561.91
008,787,648,625,743,33.5566,S,70.5994,W,13,7,2020,19,25,43,639.00,28.87,947.39,561.25
008,707,611,656,700,33.5566,S,70.5994,W,13,7,2020,19,26,22,636.30,28.87,947.39,561.25
008,836,670,651,842,33.5566,S,70.5994,W,13,7,2020,19,27,1,,28.87,947.39,561.25
008,771,631,666,801,33.5566,S,70.5994,W,13,7,2020,19,30,43,634.70,29.02,947.36,561.55
008,869,684,669,712,33.5566,S,70.5994,W,13,7,2020,19,31,22,635.10,29.02,947.36,561.55
008,861,666,644,803,33.5566,S,70.5994,W,13,7,2020,19,32,1,,29.02,947.36,561.55
008,802,599,605,687,33.5566,S,70.5995,W,13,7,2020,19,35,43,632.10,29.34,947.40,561.22
008,712,583,578,725,33.5566,S,70.5995,W,13,7,2020,19,36,22,633.10,29.34,947.40,561.22
008,694,494,582,713,33.5566,S,70.5995,W,13,7,2020,19,37,1,,29.34,947.40,561.22
008,6,5,5,4,33.5566,S,70.5995,W,13,7,2020,19,42,19,634.10,28.62,947.33,561.78
008,0,0,0,0,33.5566,S,70.5995,W,13,7,2020,19,42,20,634.10,28.62,947.33,561.78
008,0,0,0,0,33.5566,S,70.5995,W,13,7,2020,19,42,21,634.10,28.62,947.33,561.78
008,714,568,594,746,33.5567,S,70.5995,W,13,7,2020,19,45,43,630.30,28.81,947.45,560.77
008,789,652,582,741,33.5567,S,70.5995,W,13,7,2020,19,46,22,630.70,28.81,947.45,560.77
008,770,636,581,676,33.5567,S,70.5995,W,13,7,2020,19,47,1,,28.81,947.45,560.77
008,669,561,539,705,33.5566,S,70.5995,W,13,7,2020,19,50,43,629.20,28.94,947.42,561.06
008,485,422,554,437,33.5566,S,70.5995,W,13,7,2020,19,51,22,630.00,28.94,947.42,561.06
008,471,430,528,660,33.5566,S,70.5995,W,13,7,2020,19,52,1,,28.94,947.42,561.06
008,5,5,5,4,33.5566,S,70.5994,W,13,7,2020,19,57,19,629.60,27.96,947.43,560.95
008,0,0,0,0,33.5566,S,70.5994,W,13,7,2020,19,57,20,629.60,27.96,947.43,560.95
008,0,0,0,0,33.5566,S,70.5995,W,13,7,2020,19,57,21,629.60,27.96,947.43,560.95
008,6,5,5,4,33.5566,S,70.5995,W,13,7,2020,20,2,19,632.10,27.57,947.45,560.80
008,0,0,0,0,33.5566,S,70.5995,W,13,7,2020,20,2,20,632.10,27.57,947.45,560.80
008,0,0,0,0,33.5566,S,70.5995,W,13,7,2020,20,2,21,632.10,27.57,947.45,560.80
008,754,635,563,702,33.5566,S,70.5995,W,13,7,2020,20,5,43,631.20,27.30,947.50,560.31
008,716,568,566,688,33.5566,S,70.5995,W,13,7,2020,20,6,22,632.20,27.30,947.50,560.31
008,743,612,569,734,33.5566,S,70.5995,W,13,7,2020,20,7,1,,27.30,947.50,560.31
008,706,597,522,679,33.5566,S,70.5995,W,13,7,2020,20,10,43,628.10,26.74,947.37,561.44
008,617,491,517,688,33.5566,S,70.5995,W,13,7,2020,20,11,22,629.30,26.74,947.37,561.44
008,680,562,535,656,33.5566,S,70.5995,W,13,7,2020,20,12,1,,26.74,947.37,561.44
008,5,5,4,4,33.5566,S,70.5995,W,13,7,2020,20,17,19,630.00,26.81,947.21,562.85
008,0,0,0,0,33.5566,S,70.5995,W,13,7,2020,20,17,20,630.00,26.81,947.21,562.85
008,0,0,0,0,33.5566,S,70.5995,W,13,7,2020,20,17,21,630.00,26.81,947.21,562.85
008,522,508,487,223,33.5566,S,70.5994,W,13,7,2020,20,20,43,635.80,26.19,947.33,561.85
008,591,418,479,628,33.5566,S,70.5994,W,13,7,2020,20,21,22,633.70,26.19,947.33,561.85
008,655,545,472,630,33.5566,S,70.5994,W,13,7,2020,20,22,1,,26.19,947.33,561.85
008,570,535,486,453,33.5566,S,70.5994,W,13,7,2020,20,25,43,625.20,26.21,947.29,562.12
008,640,507,479,377,33.5566,S,70.5994,W,13,7,2020,20,26,22,628.00,26.21,947.29,562.12
008,593,545,482,594,33.5566,S,70.5994,W,13,7,2020,20,27,1,,26.21,947.29,562.12
008,5,5,4,4,33.5565,S,70.5994,W,13,7,2020,20,32,19,626.80,26.35,947.20,562.94
008,0,0,0,0,33.5565,S,70.5994,W,13,7,2020,20,32,20,626.80,26.35,947.20,562.94
008,0,0,0,0,33.5565,S,70.5994,W,13,7,2020,20,32,21,626.80,26.35,947.20,562.94
008,515,411,402,452,33.5565,S,70.5994,W,13,7,2020,20,35,43,628.90,26.65,947.33,561.81
008,564,467,412,544,33.5565,S,70.5994,W,13,7,2020,20,36,22,627.90,26.65,947.33,561.81
008,559,457,409,533,33.5565,S,70.5994,W,13,7,2020,20,37,1,,26.65,947.33,561.81
008,5,5,4,4,33.5566,S,70.5995,W,13,7,2020,20,42,19,627.60,26.55,947.28,562.28
008,0,0,0,0,33.5566,S,70.5994,W,13,7,2020,20,42,20,627.60,26.55,947.28,562.28
008,0,0,0,0,33.5566,S,70.5994,W,13,7,2020,20,42,21,627.60,26.55,947.28,562.28
008,216,236,338,171,33.5566,S,70.5994,W,13,7,2020,20,45,43,631.40,26.08,947.36,561.53
008,446,393,339,425,33.5566,S,70.5994,W,13,7,2020,20,46,22,631.10,26.08,947.36,561.53
008,454,366,330,403,33.5566,S,70.5994,W,13,7,2020,20,47,1,,26.08,947.36,561.53
008,433,342,305,380,33.5566,S,70.5995,W,13,7,2020,20,50,43,634.30,25.13,947.34,561.75
008,420,337,290,389,33.5566,S,70.5995,W,13,7,2020,20,51,22,632.50,25.13,947.34,561.75
008,409,320,291,384,33.5566,S,70.5995,W,13,7,2020,20,52,1,,25.13,947.34,561.75
008,342,267,253,325,33.5566,S,70.5995,W,13,7,2020,20,55,43,630.60,25.09,947.39,561.32
008,238,206,244,246,33.5566,S,70.5995,W,13,7,2020,20,56,22,631.10,25.09,947.39,561.32
008,351,288,239,293,33.5566,S,70.5995,W,13,7,2020,20,57,1,,25.09,947.39,561.32
008,301,249,215,283,33.5566,S,70.5995,W,13,7,2020,21,0,43,630.20,24.58,947.37,561.47
008,281,237,204,270,33.5566,S,70.5995,W,13,7,2020,21,1,22,630.50,24.58,947.37,561.47
008,255,242,201,268,33.5566,S,70.5995,W,13,7,2020,21,2,1,,24.58,947.37,561.47
008,5,5,4,4,33.5566,S,70.5994,W,0,0,2000,21,7,19,633.80,23.96,947.20,562.93
008,0,0,0,0,33.5566,S,70.5994,W,13,7,2020,21,7,20,633.80,23.96,947.20,562.93
008,0,0,0,0,33.5566,S,70.5994,W,13,7,2020,21,7,21,633.80,23.96,947.20,562.93
