008,39,32,32,21,33.4357,S,70.5214,W,15,8,2020,12,34,9,798.70,3.21,928.88,725.34
008,19,5,5,4,33.4357,S,70.5214,W,15,8,2020,12,34,48,764.80,3.21,928.88,725.34
008,12,5,5,4,33.4357,S,70.5214,W,15,8,2020,12,35,27,760.50,3.21,928.88,725.34
008,9,4,4,4,33.4358,S,70.5218,W,15,8,2020,13,5,44,780.80,7.59,929.06,723.73
008,9,4,4,4,33.4358,S,70.5218,W,15,8,2020,13,6,23,779.20,7.59,929.06,723.73
008,9,4,4,4,33.4358,S,70.5218,W,15,8,2020,13,7,2,780.80,7.59,929.06,723.73
008,10,4,4,4,33.4359,S,70.5217,W,15,8,2020,13,10,44,786.90,7.85,929.11,723.25
008,10,4,4,4,33.4359,S,70.5217,W,15,8,2020,13,11,23,789.90,7.85,929.11,723.25
008,10,4,4,4,33.4359,S,70.5217,W,15,8,2020,13,12,2,789.20,7.85,929.11,723.25
008,9,4,4,4,33.4359,S,70.5218,W,15,8,2020,13,15,44,784.60,8.88,929.02,724.10
008,9,4,4,4,33.4359,S,70.5218,W,15,8,2020,13,16,23,787.30,8.88,929.02,724.10
008,9,4,4,4,33.4359,S,70.5218,W,15,8,2020,13,17,2,787.30,8.88,929.02,724.10
008,9,4,4,4,33.4358,S,70.5218,W,15,8,2020,13,20,44,785.40,10.38,928.92,724.94
008,10,4,4,4,33.4359,S,70.5218,W,15,8,2020,13,21,23,785.20,10.38,928.92,724.94
008,10,4,4,4,33.4359,S,70.5218,W,15,8,2020,13,22,2,785.30,10.38,928.92,724.94
008,10,4,4,4,33.4359,S,70.5218,W,15,8,2020,13,25,44,780.10,10.70,928.91,725.05
008,9,4,4,4,33.4359,S,70.5218,W,15,8,2020,13,26,23,786.30,10.70,928.91,725.05
008,10,4,4,4,33.4359,S,70.5218,W,15,8,2020,13,27,2,784.90,10.70,928.91,725.05
008,10,4,4,4,33.4358,S,70.5218,W,15,8,2020,13,30,44,781.90,11.28,928.91,725.06
008,10,4,4,4,33.4358,S,70.5218,W,15,8,2020,13,31,23,787.70,11.28,928.91,725.06
008,10,4,4,4,33.4358,S,70.5218,W,15,8,2020,13,32,2,787.60,11.28,928.91,725.06
008,10,4,4,4,33.4358,S,70.5218,W,15,8,2020,13,35,44,790.80,11.62,928.96,724.61
008,11,4,4,4,33.4358,S,70.5218,W,15,8,2020,13,36,23,790.90,11.62,928.96,724.61
008,10,4,4,4,33.4358,S,70.5218,W,15,8,2020,13,37,2,790.90,11.62,928.96,724.61
008,9,4,4,4,33.4359,S,70.5218,W,15,8,2020,13,40,44,779.60,12.09,928.88,725.29
008,9,4,4,4,33.4359,S,70.5218,W,15,8,2020,13,41,23,783.10,12.09,928.88,725.29
008,9,4,4,4,33.4359,S,70.5218,W,15,8,2020,13,42,2,783.20,12.09,928.88,725.29
008,10,4,4,4,33.4358,S,70.5218,W,15,8,2020,13,45,44,778.70,12.67,928.89,725.24
008,9,4,4,4,33.4358,S,70.5218,W,15,8,2020,13,46,23,781.10,12.67,928.89,725.24
008,10,4,4,4,33.4358,S,70.5218,W,15,8,2020,13,47,2,781.20,12.67,928.89,725.24
008,9,4,4,4,33.4358,S,70.5218,W,15,8,2020,13,50,44,784.20,13.20,928.94,724.74
008,9,4,4,4,33.4358,S,70.5218,W,15,8,2020,13,51,23,783.60,13.20,928.94,724.74
008,9,4,4,4,33.4359,S,70.5218,W,15,8,2020,13,52,2,783.70,13.20,928.94,724.74
008,9,4,4,4,33.4358,S,70.5218,W,15,8,2020,13,55,44,779.30,13.88,928.80,725.99
008,9,4,4,4,33.4358,S,70.5218,W,15,8,2020,13,56,23,782.70,13.88,928.80,725.99
008,9,4,4,4,33.4358,S,70.5218,W,15,8,2020,13,57,2,782.80,13.88,928.80,725.99
008,9,4,4,4,33.4358,S,70.5218,W,15,8,2020,14,0,44,791.80,14.14,928.82,725.88
008,9,4,4,4,33.4358,S,70.5218,W,15,8,2020,14,1,23,789.10,14.14,928.82,725.88
008,9,4,4,4,33.4358,S,70.5218,W,15,8,2020,14,2,2,789.10,14.14,928.82,725.88
008,9,4,4,4,33.4358,S,70.5218,W,15,8,2020,14,5,44,789.90,14.12,928.81,725.96
008,9,4,4,4,33.4358,S,70.5218,W,15,8,2020,14,6,23,790.70,14.12,928.81,725.96
008,9,4,4,4,33.4358,S,70.5218,W,15,8,2020,14,7,2,790.60,14.12,928.81,725.96
008,9,4,4,4,33.4358,S,70.5218,W,15,8,2020,14,10,44,787.20,14.84,928.66,727.24
008,9,4,4,4,33.4358,S,70.5218,W,15,8,2020,14,11,23,787.70,14.84,928.66,727.24
008,10,4,4,4,33.4358,S,70.5218,W,15,8,2020,14,12,2,787.50,14.84,928.66,727.24
008,10,4,4,4,33.4358,S,70.5218,W,15,8,2020,14,15,44,790.40,15.46,928.68,727.13
008,9,4,4,4,33.4358,S,70.5218,W,15,8,2020,14,16,23,789.00,15.46,928.68,727.13
008,9,4,4,4,33.4358,S,70.5218,W,15,8,2020,14,17,2,789.80,15.46,928.68,727.13
008,10,4,4,4,33.4358,S,70.5218,W,15,8,2020,14,20,44,788.20,15.30,928.68,727.11
008,10,4,4,4,33.4358,S,70.5218,W,15,8,2020,14,21,23,788.50,15.30,928.68,727.11
008,10,4,4,4,33.4358,S,70.5218,W,15,8,2020,14,22,2,788.60,15.30,928.68,727.11
008,10,4,4,4,33.4358,S,70.5218,W,15,8,2020,14,25,44,795.80,14.06,928.65,727.41
008,9,4,4,4,33.4358,S,70.5218,W,15,8,2020,14,26,23,795.50,14.06,928.65,727.41
008,9,4,4,4,33.4358,S,70.5218,W,15,8,2020,14,27,2,795.50,14.06,928.65,727.41
008,9,4,4,4,33.4358,S,70.5218,W,15,8,2020,14,30,44,797.60,13.62,928.81,725.96
008,9,4,4,4,33.4358,S,70.5218,W,15,8,2020,14,31,23,797.50,13.62,928.81,725.96
008,9,4,4,4,33.4358,S,70.5218,W,15,8,2020,14,32,2,797.30,13.62,928.81,725.96
008,10,4,4,4,33.4358,S,70.5218,W,15,8,2020,14,35,44,796.00,13.14,928.76,726.37
008,10,4,4,4,33.4358,S,70.5218,W,15,8,2020,14,36,23,796.70,13.14,928.76,726.37
008,10,4,4,4,33.4358,S,70.5218,W,15,8,2020,14,37,2,796.70,13.14,928.76,726.37
008,9,4,4,4,33.4358,S,70.5218,W,15,8,2020,14,40,44,793.20,13.39,928.67,727.15
008,9,4,4,4,33.4358,S,70.5218,W,15,8,2020,14,41,23,794.40,13.39,928.67,727.15
008,10,4,4,4,33.4358,S,70.5218,W,15,8,2020,14,42,2,794.40,13.39,928.67,727.15
008,9,4,4,4,33.4358,S,70.5218,W,15,8,2020,14,45,44,790.40,13.20,928.79,726.14
008,10,4,4,4,33.4358,S,70.5218,W,15,8,2020,14,46,23,792.60,13.20,928.79,726.14
008,10,4,4,4,33.4358,S,70.5218,W,15,8,2020,14,47,2,791.20,13.20,928.79,726.14
008,9,4,4,4,33.4358,S,70.5218,W,15,8,2020,14,50,44,797.10,13.28,928.78,726.21
008,9,4,4,4,33.4358,S,70.5218,W,15,8,2020,14,51,23,794.30,13.28,928.78,726.21
008,9,4,4,4,33.4358,S,70.5218,W,15,8,2020,14,52,2,794.40,13.28,928.78,726.21
008,8,4,4,4,33.4358,S,70.5217,W,15,8,2020,14,55,44,789.30,12.89,928.76,726.41
008,8,4,4,4,33.4358,S,70.5218,W,15,8,2020,14,56,23,793.80,12.89,928.76,726.41
008,8,4,4,4,33.4358,S,70.5218,W,15,8,2020,14,57,2,792.90,12.89,928.76,726.41
008,8,4,4,4,33.4358,S,70.5218,W,15,8,2020,15,0,44,783.80,14.22,928.76,726.36
008,8,4,4,4,33.4357,S,70.5219,W,15,8,2020,15,1,23,786.20,14.22,928.76,726.36
008,8,4,4,4,33.4357,S,70.5219,W,15,8,2020,15,2,2,787.80,14.22,928.76,726.36
008,8,4,4,4,33.4357,S,70.5218,W,15,8,2020,15,5,44,800.50,15.68,928.66,727.29
008,8,4,4,4,33.4357,S,70.5218,W,15,8,2020,15,6,23,790.20,15.68,928.66,727.29
008,9,4,4,4,33.4357,S,70.5218,W,15,8,2020,15,7,2,790.50,15.68,928.66,727.29
008,964,797,740,919,33.4358,S,70.5218,W,15,8,2020,15,10,44,802.10,17.01,928.72,726.78
008,976,803,748,926,33.4358,S,70.5218,W,15,8,2020,15,11,23,798.10,17.01,928.72,726.78
008,954,748,750,890,33.4358,S,70.5218,W,15,8,2020,15,12,2,,17.01,928.72,726.78
008,852,629,718,573,33.4358,S,70.5218,W,15,8,2020,15,15,44,797.20,17.50,928.68,727.14
008,836,683,733,721,33.4358,S,70.5218,W,15,8,2020,15,16,23,797.90,17.50,928.68,727.14
008,957,796,721,906,33.4358,S,70.5218,W,15,8,2020,15,17,2,,17.50,928.68,727.14
008,6,4,4,4,33.4358,S,70.5218,W,15,8,2020,15,22,22,798.20,17.43,928.76,726.39
008,0,0,0,0,33.4358,S,70.5218,W,15,8,2020,15,22,23,798.20,17.43,928.76,726.39
008,0,0,0,0,33.4358,S,70.5218,W,15,8,2020,15,22,24,798.20,17.43,928.76,726.39
008,906,748,737,853,33.4358,S,70.5217,W,15,8,2020,15,30,44,808.70,18.80,928.70,726.89
008,940,796,747,838,33.4358,S,70.5217,W,15,8,2020,15,31,23,809.70,18.80,928.70,726.89
008,906,768,740,864,33.4358,S,70.5217,W,15,8,2020,15,32,2,,18.80,928.70,726.89
008,5,4,4,4,33.4358,S,70.5219,W,15,8,2020,15,37,19,0.00,17.27,928.77,726.28
008,0,0,0,0,33.4358,S,70.5218,W,15,8,2020,15,37,20,802.90,17.27,928.77,726.28
008,0,0,0,0,33.4358,S,70.5219,W,15,8,2020,15,37,21,802.90,17.27,928.77,726.28
008,1007,823,749,943,33.4358,S,70.5219,W,15,8,2020,15,40,44,803.20,17.92,928.69,727.01
008,1015,824,721,949,33.4358,S,70.5219,W,15,8,2020,15,41,23,804.20,17.92,928.69,727.01
008,1016,836,761,956,33.4358,S,70.5219,W,15,8,2020,15,42,2,,17.92,928.69,727.01
008,1057,861,797,996,33.4358,S,70.5219,W,15,8,2020,15,45,44,813.50,18.18,928.64,727.46
008,1068,816,793,952,33.4358,S,70.5219,W,15,8,2020,15,46,23,813.50,18.18,928.64,727.46
008,1046,847,807,991,33.4358,S,70.5219,W,15,8,2020,15,47,2,,18.18,928.64,727.46
008,6,4,4,4,33.4358,S,70.5217,W,15,8,2020,15,52,19,0.00,18.80,928.59,727.91
008,0,0,0,0,33.4358,S,70.5217,W,15,8,2020,15,52,20,807.80,18.80,928.59,727.91
008,0,0,0,0,33.4358,S,70.5217,W,15,8,2020,15,52,21,807.80,18.80,928.59,727.91
008,6,4,4,4,33.4357,S,70.5218,W,15,8,2020,15,57,19,806.10,18.50,928.59,727.89
008,0,0,0,0,33.4357,S,70.5218,W,15,8,2020,15,57,20,806.10,18.50,928.59,727.89
008,0,0,0,0,33.4357,S,70.5218,W,15,8,2020,15,57,21,806.10,18.50,928.59,727.89
008,783,676,735,718,33.4358,S,70.5218,W,15,8,2020,16,0,44,804.30,18.31,928.61,727.69
008,974,775,736,933,33.4358,S,70.5218,W,15,8,2020,16,1,23,804.90,18.31,928.61,727.69
008,971,775,779,953,33.4358,S,70.5218,W,15,8,2020,16,2,2,,18.31,928.61,727.69
008,1006,828,776,967,33.4358,S,70.5218,W,15,8,2020,16,5,44,794.70,18.53,928.47,728.95
008,1022,835,798,976,33.4358,S,70.5217,W,15,8,2020,16,6,23,803.30,18.53,928.47,728.95
008,1053,880,814,999,33.4358,S,70.5218,W,15,8,2020,16,7,2,,18.53,928.47,728.95
008,6,4,4,4,33.4358,S,70.5218,W,15,8,2020,16,12,19,792.50,20.07,928.37,729.89
008,0,0,0,0,33.4358,S,70.5218,W,15,8,2020,16,12,20,792.50,20.07,928.37,729.89
008,0,0,0,0,33.4358,S,70.5218,W,15,8,2020,16,12,21,792.50,20.07,928.37,729.89
008,6,4,4,4,33.4358,S,70.5218,W,15,8,2020,16,17,19,0.00,20.17,928.37,729.86
008,0,0,0,0,33.4358,S,70.5218,W,15,8,2020,16,17,20,797.10,20.17,928.37,729.86
008,0,0,0,0,33.4358,S,70.5218,W,15,8,2020,16,17,21,797.10,20.17,928.37,729.86
008,1023,818,821,959,33.4358,S,70.5217,W,15,8,2020,16,20,44,787.20,19.67,928.31,730.44
008,1057,856,797,1002,33.4358,S,70.5217,W,15,8,2020,16,21,23,791.30,19.67,928.31,730.44
008,1023,854,783,955,33.4358,S,70.5217,W,15,8,2020,16,22,2,,19.67,928.31,730.44
008,1068,868,791,975,33.4358,S,70.5217,W,15,8,2020,16,25,44,798.90,20.81,928.13,732.01
008,1096,870,802,983,33.4358,S,70.5217,W,15,8,2020,16,26,23,796.60,20.81,928.13,732.01
008,1081,902,831,1028,33.4358,S,70.5217,W,15,8,2020,16,27,2,,20.81,928.13,732.01
008,1006,881,818,1032,33.4358,S,70.5217,W,15,8,2020,16,30,44,797.40,20.01,928.13,731.97
008,1092,902,829,1024,33.4358,S,70.5217,W,15,8,2020,16,31,23,801.90,20.01,928.13,731.97
008,1099,894,829,992,33.4358,S,70.5217,W,15,8,2020,16,32,2,,20.01,928.13,731.97
008,985,855,802,855,33.4358,S,70.5218,W,15,8,2020,16,35,44,805.10,19.13,928.18,731.55
008,1046,834,805,981,33.4358,S,70.5218,W,15,8,2020,16,36,23,803.70,19.13,928.18,731.55
008,1059,876,805,995,33.4358,S,70.5218,W,15,8,2020,16,37,2,,19.13,928.18,731.55
008,1134,925,837,1047,33.4358,S,70.5218,W,15,8,2020,16,40,44,794.80,18.44,928.04,732.82
008,1101,913,846,900,33.4358,S,70.5218,W,15,8,2020,16,41,23,792.90,18.44,928.04,732.82
008,1100,902,847,1060,33.4358,S,70.5218,W,15,8,2020,16,42,2,,18.44,928.04,732.82
008,1085,918,850,1011,33.4358,S,70.5217,W,15,8,2020,16,45,44,795.10,21.47,927.90,734.06
008,1121,914,858,1069,33.4358,S,70.5218,W,15,8,2020,16,46,23,794.40,21.47,927.90,734.06
008,861,794,874,969,33.4358,S,70.5218,W,15,8,2020,16,47,2,,21.47,927.90,734.06
008,6,4,4,4,33.4358,S,70.5217,W,15,8,2020,16,52,19,796.40,20.99,927.82,734.77
008,0,0,0,0,33.4358,S,70.5217,W,15,8,2020,16,52,20,796.40,20.99,927.82,734.77
008,0,0,0,0,33.4358,S,70.5217,W,15,8,2020,16,52,21,796.40,20.99,927.82,734.77
008,1097,849,873,999,33.4358,S,70.5218,W,15,8,2020,16,55,44,798.00,19.49,927.63,736.47
008,1113,948,878,869,33.4358,S,70.5218,W,15,8,2020,16,56,23,797.40,19.49,927.63,736.47
008,1076,850,859,1071,33.4358,S,70.5218,W,15,8,2020,16,57,2,,19.49,927.63,736.47
008,1064,948,876,1033,33.4357,S,70.5217,W,15,8,2020,17,0,44,794.30,19.94,927.60,736.76
008,1124,941,854,1067,33.4357,S,70.5217,W,15,8,2020,17,1,23,795.20,19.94,927.60,736.76
008,1047,914,846,961,33.4358,S,70.5217,W,15,8,2020,17,2,2,,19.94,927.60,736.76
008,6,4,4,4,33.4358,S,70.5218,W,15,8,2020,17,7,19,0.00,21.28,927.54,737.27
008,0,0,0,0,33.4358,S,70.5217,W,15,8,2020,17,7,20,801.90,21.28,927.54,737.27
008,0,0,0,0,33.4358,S,70.5218,W,15,8,2020,17,7,21,801.90,21.28,927.54,737.27
008,6,4,4,4,33.4357,S,70.5217,W,15,8,2020,17,12,19,799.80,20.20,927.45,738.09
008,0,0,0,0,33.4357,S,70.5217,W,15,8,2020,17,12,20,799.80,20.20,927.45,738.09
008,0,0,0,0,33.4357,S,70.5217,W,15,8,2020,17,12,21,799.80,20.20,927.45,738.09
008,1091,890,841,1041,33.4358,S,70.5217,W,15,8,2020,17,15,44,801.50,20.32,927.40,738.56
008,1078,902,834,886,33.4358,S,70.5217,W,15,8,2020,17,16,23,799.00,20.32,927.40,738.56
008,1103,901,814,993,33.4358,S,70.5217,W,15,8,2020,17,17,2,,20.32,927.40,738.56
008,6,4,4,4,33.4358,S,70.5217,W,15,8,2020,17,22,19,796.70,20.92,927.20,740.30
008,0,0,0,0,33.4358,S,70.5217,W,15,8,2020,17,22,20,796.70,20.92,927.20,740.30
008,0,0,0,0,33.4358,S,70.5217,W,15,8,2020,17,22,21,796.70,20.92,927.20,740.30
008,1087,911,840,1047,33.4357,S,70.5218,W,15,8,2020,17,25,44,788.40,21.25,927.25,739.91
008,1058,786,822,1035,33.4357,S,70.5218,W,15,8,2020,17,26,23,793.60,21.25,927.25,739.91
008,1021,809,823,977,33.4358,S,70.5218,W,15,8,2020,17,27,2,,21.25,927.25,739.91
008,6,5,4,4,33.4358,S,70.5217,W,15,8,2020,17,32,19,0.00,22.09,927.14,740.84
008,0,0,0,0,33.4358,S,70.5217,W,15,8,2020,17,32,20,795.40,22.09,927.14,740.84
008,0,0,0,0,33.4358,S,70.5217,W,15,8,2020,17,32,21,795.40,22.09,927.14,740.84
008,6,4,4,4,33.4357,S,70.5218,W,15,8,2020,17,37,19,0.00,19.78,927.17,740.59
008,0,0,0,0,33.4357,S,70.5218,W,15,8,2020,17,37,20,795.00,19.78,927.17,740.59
008,0,0,0,0,33.4357,S,70.5218,W,15,8,2020,17,37,21,795.00,19.78,927.17,740.59
008,1024,839,778,934,33.4358,S,70.5217,W,15,8,2020,17,40,44,788.20,20.79,927.17,740.57
008,1010,802,781,965,33.4358,S,70.5217,W,15,8,2020,17,41,23,789.50,20.79,927.17,740.57
008,1013,843,782,959,33.4358,S,70.5217,W,15,8,2020,17,42,2,,20.79,927.17,740.57
008,6,4,4,4,33.4358,S,70.5217,W,15,8,2020,17,47,19,0.00,23.03,926.88,743.16
008,0,0,0,0,33.4358,S,70.5217,W,15,8,2020,17,47,20,787.40,23.03,926.88,743.16
008,0,0,0,0,33.4358,S,70.5217,W,15,8,2020,17,47,22,787.40,23.03,926.88,743.16
008,6,5,4,4,33.4358,S,70.5218,W,15,8,2020,17,52,19,0.00,23.79,926.81,743.80
008,0,0,0,0,33.4358,S,70.5218,W,15,8,2020,17,52,20,798.80,23.79,926.81,743.80
008,0,0,0,0,33.4358,S,70.5218,W,15,8,2020,17,52,22,798.80,23.79,926.81,743.80
008,990,808,754,936,33.4358,S,70.5218,W,15,8,2020,17,55,44,793.50,21.82,926.84,743.59
008,964,767,753,931,33.4358,S,70.5218,W,15,8,2020,17,56,23,798.30,21.82,926.84,743.59
008,996,819,742,873,33.4358,S,70.5218,W,15,8,2020,17,57,2,,21.82,926.84,743.59
008,6,4,4,4,33.4358,S,70.5217,W,15,8,2020,18,2,19,0.00,19.14,927.01,742.04
008,0,0,0,0,33.4358,S,70.5217,W,15,8,2020,18,2,20,796.30,19.14,927.01,742.04
008,0,0,0,0,33.4358,S,70.5217,W,15,8,2020,18,2,21,796.30,19.14,927.01,742.04
008,902,707,680,817,33.4358,S,70.5218,W,15,8,2020,18,5,44,801.60,19.58,926.95,742.58
008,852,658,689,861,33.4358,S,70.5218,W,15,8,2020,18,6,23,800.00,19.58,926.95,742.58
008,814,682,688,728,33.4358,S,70.5218,W,15,8,2020,18,7,2,,19.58,926.95,742.58
008,906,738,690,864,33.4358,S,70.5217,W,15,8,2020,18,10,44,791.70,19.38,926.82,743.70
008,914,737,682,863,33.4358,S,70.5217,W,15,8,2020,18,11,23,799.30,19.38,926.82,743.70
008,733,508,675,800,33.4358,S,70.5217,W,15,8,2020,18,12,2,,19.38,926.82,743.70
008,730,579,693,800,33.4358,S,70.5217,W,15,8,2020,18,15,44,780.10,21.80,926.66,745.15
008,910,725,683,859,33.4358,S,70.5217,W,15,8,2020,18,16,23,781.20,21.80,926.66,745.15
008,901,719,679,800,33.4358,S,70.5217,W,15,8,2020,18,17,2,,21.80,926.66,745.15
008,6,4,4,4,33.4358,S,70.5217,W,15,8,2020,18,22,19,0.00,22.56,926.54,746.26
008,0,0,0,0,33.4358,S,70.5217,W,15,8,2020,18,22,20,776.90,22.56,926.54,746.26
008,0,0,0,0,33.4358,S,70.5217,W,15,8,2020,18,22,22,776.90,22.56,926.54,746.26
008,848,710,646,809,33.4358,S,70.5217,W,15,8,2020,18,25,44,792.70,19.81,926.62,745.49
008,852,704,643,812,33.4358,S,70.5217,W,15,8,2020,18,26,23,777.30,19.81,926.62,745.49
008,847,701,647,704,33.4358,S,70.5217,W,15,8,2020,18,27,2,,19.81,926.62,745.49
008,710,573,666,618,33.4358,S,70.5217,W,15,8,2020,18,30,44,780.20,21.77,926.67,745.11
008,763,605,665,674,33.4358,S,70.5217,W,15,8,2020,18,31,23,778.00,21.77,926.67,745.11
008,880,718,661,832,33.4358,S,70.5217,W,15,8,2020,18,32,2,,21.77,926.67,745.11
008,817,662,608,762,33.4358,S,70.5217,W,15,8,2020,18,35,44,770.70,22.25,926.61,745.60
008,802,662,599,659,33.4358,S,70.5217,W,15,8,2020,18,36,23,776.20,22.25,926.61,745.60
008,730,616,593,592,33.4358,S,70.5217,W,15,8,2020,18,37,2,,22.25,926.61,745.60
008,10,4,4,4,33.4358,S,70.5217,W,15,8,2020,18,42,19,0.00,22.03,926.51,746.51
008,0,0,0,0,33.4358,S,70.5217,W,15,8,2020,18,42,20,789.00,22.03,926.51,746.51
008,0,0,0,0,33.4358,S,70.5217,W,15,8,2020,18,42,21,790.40,22.03,926.51,746.51
008,702,622,564,671,33.4358,S,70.5217,W,15,8,2020,18,45,44,797.70,20.42,926.72,744.59
008,768,614,569,683,33.4358,S,70.5217,W,15,8,2020,18,46,23,799.60,20.42,926.72,744.59
008,746,594,563,684,33.4358,S,70.5217,W,15,8,2020,18,47,2,,20.42,926.72,744.59
008,6,4,4,4,33.4358,S,70.5217,W,15,8,2020,18,52,20,799.60,19.36,926.66,745.14
008,0,0,0,0,33.4358,S,70.5217,W,15,8,2020,18,52,20,799.60,19.36,926.66,745.14
008,0,0,0,0,33.4358,S,70.5217,W,15,8,2020,18,52,22,799.60,19.36,926.66,745.14
008,675,496,529,629,33.4358,S,70.5217,W,15,8,2020,18,55,44,790.50,20.83,926.73,744.53
008,698,582,534,630,33.4358,S,70.5217,W,15,8,2020,18,56,23,794.10,20.83,926.73,744.53
008,571,395,536,618,33.4358,S,70.5217,W,15,8,2020,18,57,2,,20.83,926.73,744.53
008,561,549,505,565,33.4358,S,70.5217,W,15,8,2020,19,0,44,802.70,19.77,926.63,745.46
008,666,549,498,625,33.4358,S,70.5217,W,15,8,2020,19,1,23,807.40,19.77,926.63,745.46
008,671,539,489,612,33.4358,S,70.5217,W,15,8,2020,19,2,2,,19.77,926.63,745.46
008,593,448,455,573,33.4358,S,70.5217,W,15,8,2020,19,5,44,805.80,21.11,926.59,745.82
008,621,499,464,553,33.4358,S,70.5217,W,15,8,2020,19,6,23,805.20,21.11,926.59,745.82
008,572,410,469,586,33.4358,S,70.5217,W,15,8,2020,19,7,2,,21.11,926.59,745.82
008,623,506,452,560,33.4358,S,70.5217,W,15,8,2020,19,10,44,790.30,19.37,926.68,744.95
008,565,422,464,571,33.4358,S,70.5217,W,15,8,2020,19,11,23,794.10,19.37,926.68,744.95
008,530,410,454,486,33.4358,S,70.5217,W,15,8,2020,19,12,2,,19.37,926.68,744.95
008,6,4,4,4,33.4358,S,70.5218,W,15,8,2020,19,17,19,0.00,19.40,926.61,745.65
008,0,0,0,0,33.4358,S,70.5218,W,15,8,2020,19,17,20,797.30,19.40,926.61,745.65
008,0,0,0,0,33.4358,S,70.5218,W,15,8,2020,19,17,21,797.30,19.40,926.61,745.65
008,6,4,4,4,33.4358,S,70.5218,W,15,8,2020,19,22,19,0.00,21.06,926.65,745.21
008,0,0,0,0,33.4358,S,70.5218,W,15,8,2020,19,22,20,799.40,21.06,926.65,745.21
008,0,0,0,0,33.4358,S,70.5218,W,15,8,2020,19,22,22,799.30,21.06,926.65,745.21
008,6,4,4,4,33.4358,S,70.5218,W,15,8,2020,19,27,19,0.00,21.81,926.56,746.09
008,0,0,0,0,33.4358,S,70.5218,W,15,8,2020,19,27,21,796.90,21.81,926.56,746.09
008,0,0,0,0,33.4358,S,70.5218,W,15,8,2020,19,27,22,796.90,21.81,926.56,746.09
008,6,4,4,4,33.4358,S,70.5218,W,15,8,2020,19,32,19,0.00,22.39,926.53,746.34
008,0,0,0,0,33.4358,S,70.5218,W,15,8,2020,19,32,20,790.80,22.39,926.53,746.34
008,0,0,0,0,33.4358,S,70.5218,W,15,8,2020,19,32,21,790.80,22.39,926.53,746.34
008,6,4,4,4,33.4358,S,70.5218,W,15,8,2020,19,37,19,0.00,21.57,926.47,746.87
008,0,0,0,0,33.4358,S,70.5218,W,15,8,2020,19,37,21,796.90,21.57,926.47,746.87
008,0,0,0,0,33.4358,S,70.5218,W,15,8,2020,19,37,22,796.90,21.57,926.47,746.87
008,496,409,380,445,33.4358,S,70.5217,W,15,8,2020,19,40,44,793.70,20.81,926.50,746.56
008,286,232,377,441,33.4358,S,70.5218,W,15,8,2020,19,41,23,794.10,20.81,926.50,746.56
008,468,419,375,411,33.4358,S,70.5218,W,15,8,2020,19,42,2,,20.81,926.50,746.56
008,479,362,358,412,33.4358,S,70.5218,W,15,8,2020,19,45,44,800.10,21.37,926.44,747.09
008,487,390,356,450,33.4358,S,70.5218,W,15,8,2020,19,46,23,798.70,21.37,926.44,747.09
008,483,388,353,406,33.4358,S,70.5218,W,15,8,2020,19,47,2,,21.37,926.44,747.09
008,6,4,4,4,33.4358,S,70.5217,W,15,8,2020,19,52,20,794.30,21.18,926.35,747.99
008,0,0,0,0,33.4358,S,70.5217,W,15,8,2020,19,52,21,794.30,21.18,926.35,747.99
008,0,0,0,0,33.4358,S,70.5217,W,15,8,2020,19,52,22,794.30,21.18,926.35,747.99
008,394,346,318,322,33.4358,S,70.5218,W,15,8,2020,19,55,44,789.40,21.49,926.41,747.37
008,411,336,315,393,33.4358,S,70.5217,W,15,8,2020,19,56,23,790.70,21.49,926.41,747.37
008,441,348,320,405,33.4358,S,70.5218,W,15,8,2020,19,57,2,,21.49,926.41,747.37
008,364,287,281,343,33.4358,S,70.5218,W,15,8,2020,20,0,44,787.10,21.23,926.50,746.60
008,225,228,290,125,33.4358,S,70.5218,W,15,8,2020,20,1,23,788.30,21.23,926.50,746.60
008,364,298,291,281,33.4358,S,70.5217,W,15,8,2020,20,2,2,,21.23,926.50,746.60
008,365,300,263,333,33.4358,S,70.5217,W,15,8,2020,20,10,44,788.70,20.77,926.43,747.21
008,309,263,264,274,33.4358,S,70.5217,W,15,8,2020,20,11,23,787.60,20.77,926.43,747.21
008,352,290,263,282,33.4358,S,70.5217,W,15,8,2020,20,12,2,,20.77,926.43,747.21
008,321,248,243,307,33.4358,S,70.5218,W,15,8,2020,20,15,44,793.80,20.76,926.53,746.37
008,325,265,237,263,33.4358,S,70.5218,W,15,8,2020,20,16,23,791.90,20.76,926.53,746.37
008,331,271,237,224,33.4358,S,70.5218,W,15,8,2020,20,17,2,,20.76,926.53,746.37
008,255,233,222,267,33.4358,S,70.5217,W,15,8,2020,20,20,44,788.50,19.94,926.56,746.08
008,290,249,219,160,33.4358,S,70.5217,W,15,8,2020,20,21,23,789.00,19.94,926.56,746.08
008,279,181,214,271,33.4358,S,70.5217,W,15,8,2020,20,22,2,,19.94,926.56,746.08
008,6,4,4,4,33.4358,S,70.5217,W,15,8,2020,20,27,19,0.00,19.55,926.55,746.19
008,0,0,0,0,33.4358,S,70.5217,W,15,8,2020,20,27,20,795.40,19.55,926.55,746.19
008,0,0,0,0,33.4358,S,70.5217,W,15,8,2020,20,27,22,795.30,19.55,926.55,746.19
008,6,4,4,4,33.4358,S,70.5217,W,15,8,2020,20,32,20,791.60,19.65,926.55,746.13
008,0,0,0,0,33.4358,S,70.5217,W,15,8,2020,20,32,21,791.60,19.65,926.55,746.13
008,0,0,0,0,33.4358,S,70.5217,W,15,8,2020,20,32,22,791.60,19.65,926.55,746.13
008,215,185,154,199,33.4358,S,70.5217,W,15,8,2020,20,35,44,787.40,20.55,926.64,745.34
008,206,142,153,187,33.4358,S,70.5217,W,15,8,2020,20,36,23,789.10,20.55,926.64,745.34
008,220,176,157,192,33.4358,S,70.5217,W,15,8,2020,20,37,2,,20.55,926.64,745.34
008,168,122,127,166,33.4358,S,70.5217,W,15,8,2020,20,40,44,784.00,20.31,926.79,744.02
008,119,103,128,148,33.4358,S,70.5217,W,15,8,2020,20,41,23,785.30,20.31,926.79,744.02
008,148,131,129,131,33.4358,S,70.5217,W,15,8,2020,20,42,2,,20.31,926.79,744.02
008,163,134,119,153,33.4358,S,70.5217,W,15,8,2020,20,45,44,784.40,19.06,926.72,744.66
008,146,126,115,132,33.4358,S,70.5217,W,15,8,2020,20,46,23,785.10,19.06,926.72,744.66
008,162,134,116,130,33.4358,S,70.5217,W,15,8,2020,20,47,2,,19.06,926.72,744.66
008,117,101,102,99,33.4358,S,70.5217,W,15,8,2020,20,50,44,781.30,18.54,926.72,744.64
008,144,113,102,99,33.4358,S,70.5217,W,15,8,2020,20,51,23,782.20,18.54,926.72,744.64
008,138,116,101,122,33.4358,S,70.5217,W,15,8,2020,20,52,2,,18.54,926.72,744.64
008,6,4,4,4,33.4358,S,70.5217,W,15,8,2020,20,57,20,779.80,17.33,926.76,744.26
008,0,0,0,0,33.4358,S,70.5217,W,15,8,2020,20,57,21,779.80,17.33,926.76,744.26
008,0,0,0,0,33.4358,S,70.5217,W,15,8,2020,20,57,22,779.80,17.33,926.76,744.26
008,6,4,4,4,33.4358,S,70.5217,W,15,8,2020,21,2,20,779.60,16.16,926.81,743.82
008,0,0,0,0,33.4358,S,70.5217,W,15,8,2020,21,2,21,779.60,16.16,926.81,743.82
008,0,0,0,0,33.4358,S,70.5217,W,15,8,2020,21,2,22,779.60,16.16,926.81,743.82
008,6,4,4,4,33.4358,S,70.5217,W,15,8,2020,21,7,20,793.80,15.93,926.94,742.65
008,0,0,0,0,33.4358,S,70.5217,W,15,8,2020,21,7,21,793.80,15.93,926.94,742.65
008,0,0,0,0,33.4358,S,70.5217,W,15,8,2020,21,7,22,793.80,15.93,926.94,742.65
008,6,4,4,4,33.4358,S,70.5217,W,15,8,2020,21,12,20,789.70,15.61,926.95,742.61
008,0,0,0,0,33.4358,S,70.5217,W,15,8,2020,21,12,21,789.70,15.61,926.95,742.61
008,0,0,0,0,33.4358,S,70.5217,W,15,8,2020,21,12,22,789.60,15.61,926.95,742.61
008,62,48,46,60,33.4358,S,70.5217,W,15,8,2020,21,15,44,782.00,15.96,926.88,743.23
008,61,50,48,61,33.4358,S,70.5217,W,15,8,2020,21,16,23,788.90,15.96,926.88,743.23
008,65,55,47,59,33.4358,S,70.5217,W,15,8,2020,21,17,2,788.70,15.96,926.88,743.23
008,6,4,4,4,33.4358,S,70.5217,W,15,8,2020,21,22,20,789.90,15.25,926.89,743.11
008,0,0,0,0,33.4358,S,70.5217,W,15,8,2020,21,22,21,789.90,15.25,926.89,743.11
008,0,0,0,0,33.4358,S,70.5217,W,15,8,2020,21,22,22,791.40,15.25,926.89,743.11
008,58,49,47,62,33.4358,S,70.5217,W,15,8,2020,21,25,44,786.90,14.61,926.92,742.86
008,66,46,47,55,33.4358,S,70.5217,W,15,8,2020,21,26,23,788.20,14.61,926.92,742.86
008,54,39,43,58,33.4358,S,70.5217,W,15,8,2020,21,27,2,788.30,14.61,926.92,742.86
008,9,5,4,4,33.4359,S,70.5217,W,15,8,2020,21,30,44,791.70,14.01,927.04,741.76
008,9,5,5,4,33.4358,S,70.5217,W,15,8,2020,21,31,23,789.10,14.01,927.04,741.76
008,10,5,5,4,33.4358,S,70.5217,W,15,8,2020,21,32,2,789.40,14.01,927.04,741.76
008,14,5,4,4,33.4358,S,70.5218,W,16,8,2020,12,0,44,807.40,0.42,926.93,742.79
008,11,5,4,4,33.4358,S,70.5218,W,16,8,2020,12,1,23,804.50,0.42,926.93,742.79
008,12,5,4,4,33.4358,S,70.5218,W,16,8,2020,12,2,2,802.70,0.42,926.93,742.79
008,12,4,5,4,33.4358,S,70.5218,W,16,8,2020,12,5,44,800.40,0.60,927.00,742.14
008,15,5,5,4,33.4358,S,70.5218,W,16,8,2020,12,6,23,801.10,0.60,927.00,742.14
008,11,5,4,4,33.4358,S,70.5218,W,16,8,2020,12,7,2,801.00,0.60,927.00,742.14
008,10,5,5,4,33.4358,S,70.5218,W,16,8,2020,12,10,44,788.80,0.76,927.09,741.34
008,11,5,5,4,33.4358,S,70.5218,W,16,8,2020,12,11,23,789.70,0.76,927.09,741.34
008,10,4,5,4,33.4358,S,70.5218,W,16,8,2020,12,12,2,789.70,0.76,927.09,741.34
008,10,5,4,4,33.4358,S,70.5218,W,16,8,2020,12,15,44,795.40,0.92,927.19,740.42
008,11,5,5,4,33.4358,S,70.5218,W,16,8,2020,12,16,23,790.70,0.92,927.19,740.42
008,12,4,4,4,33.4358,S,70.5218,W,16,8,2020,12,17,2,790.80,0.92,927.19,740.42
008,11,4,4,4,33.4358,S,70.5218,W,16,8,2020,12,20,44,790.60,1.03,927.16,740.71
008,11,4,4,4,33.4358,S,70.5218,W,16,8,2020,12,21,23,792.60,1.03,927.16,740.71
008,11,4,4,5,33.4358,S,70.5218,W,16,8,2020,12,22,2,792.70,1.03,927.16,740.71
008,11,4,5,5,33.4358,S,70.5218,W,16,8,2020,12,25,44,797.50,1.17,927.34,739.12
008,11,4,5,4,33.4358,S,70.5218,W,16,8,2020,12,26,23,795.90,1.17,927.34,739.12
008,12,4,4,4,33.4358,S,70.5218,W,16,8,2020,12,27,2,795.90,1.17,927.34,739.12
008,64,60,40,53,33.4359,S,70.5218,W,16,8,2020,12,30,44,795.80,2.13,927.23,740.04
008,74,71,53,65,33.4359,S,70.5218,W,16,8,2020,12,31,23,796.10,2.13,927.23,740.04
008,105,83,68,81,33.4359,S,70.5218,W,16,8,2020,12,32,2,796.10,2.13,927.23,740.04
008,45,27,37,28,33.4359,S,70.5218,W,16,8,2020,12,35,44,796.50,3.49,927.40,738.56
008,33,25,26,37,33.4359,S,70.5218,W,16,8,2020,12,36,23,796.60,3.49,927.40,738.56
008,34,23,29,29,33.4359,S,70.5219,W,16,8,2020,12,37,2,796.60,3.49,927.40,738.56
008,51,25,39,24,33.4359,S,70.5218,W,16,8,2020,12,40,44,796.20,4.35,927.29,739.57
008,42,47,31,56,33.4359,S,70.5218,W,16,8,2020,12,41,23,796.60,4.35,927.29,739.57
008,53,54,48,68,33.4359,S,70.5218,W,16,8,2020,12,42,2,796.60,4.35,927.29,739.57
008,5,4,4,3,33.4358,S,70.5218,W,0,0,2000,12,47,20,796.00,5.40,927.22,740.12
008,0,0,0,0,33.4358,S,70.5218,W,16,8,2020,12,47,21,796.00,5.40,927.22,740.12
008,0,0,0,0,33.4358,S,70.5218,W,16,8,2020,12,47,22,796.00,5.40,927.22,740.12
008,397,340,314,368,33.4358,S,70.5218,W,16,8,2020,12,50,44,789.30,7.76,927.22,740.20
008,419,357,295,299,33.4358,S,70.5218,W,16,8,2020,12,51,23,789.30,7.76,927.22,740.20
008,452,353,322,417,33.4358,S,70.5218,W,16,8,2020,12,52,2,,7.76,927.22,740.20
008,582,503,388,540,33.4359,S,70.5218,W,16,8,2020,12,55,44,793.90,9.72,927.14,740.89
008,564,519,452,570,33.4359,S,70.5218,W,16,8,2020,12,56,23,793.90,9.72,927.14,740.89
008,522,453,448,484,33.4359,S,70.5218,W,16,8,2020,12,57,2,,9.72,927.14,740.89
008,603,468,498,535,33.4359,S,70.5218,W,16,8,2020,13,0,44,787.10,11.77,927.13,740.92
008,693,560,509,637,33.4359,S,70.5218,W,16,8,2020,13,1,23,787.10,11.77,927.13,740.92
008,692,568,510,651,33.4359,S,70.5218,W,16,8,2020,13,2,2,,11.77,927.13,740.92
008,525,525,533,342,33.4359,S,70.5218,W,16,8,2020,13,5,44,794.70,14.37,927.10,741.22
008,708,581,536,648,33.4359,S,70.5218,W,16,8,2020,13,6,23,792.60,14.37,927.10,741.22
008,736,591,542,631,33.4359,S,70.5218,W,16,8,2020,13,7,2,,14.37,927.10,741.22
008,6,4,4,4,33.4359,S,70.5218,W,0,0,2000,13,12,20,796.50,16.48,927.17,740.64
008,0,0,0,0,33.4359,S,70.5218,W,16,8,2020,13,12,21,796.50,16.48,927.17,740.64
008,0,0,0,0,33.4359,S,70.5218,W,16,8,2020,13,12,22,796.50,16.48,927.17,740.64
008,6,4,4,4,33.4359,S,70.5218,W,0,0,2000,13,17,20,793.20,18.12,927.14,740.89
008,0,0,0,0,33.4359,S,70.5218,W,16,8,2020,13,17,21,793.20,18.12,927.14,740.89
008,0,0,0,0,33.4359,S,70.5218,W,16,8,2020,13,17,22,793.20,18.12,927.14,740.89
008,6,4,4,4,33.4359,S,70.5218,W,0,0,2000,13,27,20,788.60,18.17,927.19,740.41
008,0,0,0,0,33.4359,S,70.5218,W,16,8,2020,13,27,21,788.60,18.17,927.19,740.41
008,0,0,0,0,33.4359,S,70.5218,W,16,8,2020,13,27,22,788.60,18.17,927.19,740.41
008,6,4,4,4,33.4358,S,70.5218,W,0,0,2000,13,32,20,785.70,18.15,927.27,739.75
008,0,0,0,0,33.4358,S,70.5218,W,16,8,2020,13,32,21,785.60,18.15,927.27,739.75
008,0,0,0,0,33.4358,S,70.5218,W,16,8,2020,13,32,22,785.60,18.15,927.27,739.75
008,6,4,4,4,33.4358,S,70.5218,W,0,0,2000,13,37,20,787.20,18.71,927.36,738.90
008,0,0,0,0,33.4358,S,70.5218,W,16,8,2020,13,37,21,787.70,18.71,927.36,738.90
008,0,0,0,0,33.4358,S,70.5218,W,16,8,2020,13,37,22,788.10,18.71,927.36,738.90
008,909,755,701,866,33.4358,S,70.5218,W,16,8,2020,13,40,44,801.00,18.21,927.42,738.35
008,938,764,682,877,33.4358,S,70.5218,W,16,8,2020,13,41,23,801.00,18.21,927.42,738.35
008,850,584,690,827,33.4358,S,70.5218,W,16,8,2020,13,42,3,,18.21,927.42,738.35
008,6,4,4,4,33.4358,S,70.5218,W,0,0,2000,13,47,20,790.90,17.41,927.50,737.68
008,0,0,0,0,33.4358,S,70.5218,W,16,8,2020,13,47,21,790.90,17.41,927.50,737.68
008,0,0,0,0,33.4358,S,70.5218,W,16,8,2020,13,47,22,790.90,17.41,927.50,737.68
008,6,4,4,4,33.4358,S,70.5218,W,0,0,2000,13,52,20,788.20,18.17,927.54,737.32
008,0,0,0,0,33.4358,S,70.5218,W,16,8,2020,13,52,21,788.20,18.17,927.54,737.32
008,0,0,0,0,33.4358,S,70.5218,W,16,8,2020,13,52,22,788.20,18.17,927.54,737.32
008,620,562,717,927,33.4358,S,70.5218,W,16,8,2020,13,55,44,0.00,19.34,927.61,736.64
008,732,749,734,813,33.4358,S,70.5218,W,16,8,2020,13,56,24,787.90,19.34,927.61,736.64
008,988,812,734,928,33.4358,S,70.5218,W,16,8,2020,13,57,3,,19.34,927.61,736.64
008,6,4,4,4,33.4358,S,70.5218,W,0,0,2000,14,2,20,789.30,19.40,927.55,737.17
008,0,0,0,0,33.4358,S,70.5218,W,16,8,2020,14,2,21,789.30,19.40,927.55,737.17
008,0,0,0,0,33.4358,S,70.5218,W,16,8,2020,14,2,22,789.30,19.40,927.55,737.17
008,6,4,4,4,33.4358,S,70.5218,W,0,0,2000,14,7,20,791.70,20.59,927.56,737.10
008,0,0,0,0,33.4358,S,70.5218,W,16,8,2020,14,7,21,791.70,20.59,927.56,737.10
008,0,0,0,0,33.4358,S,70.5218,W,16,8,2020,14,7,22,791.70,20.59,927.56,737.10
008,6,4,4,4,33.4358,S,70.5218,W,0,0,2000,14,12,20,789.90,21.31,927.53,737.40
008,0,0,0,0,33.4358,S,70.5218,W,16,8,2020,14,12,21,789.90,21.31,927.53,737.40
008,0,0,0,0,33.4358,S,70.5218,W,16,8,2020,14,12,22,789.90,21.31,927.53,737.40
008,6,4,5,4,33.4358,S,70.5218,W,0,0,2000,14,17,20,791.80,22.18,927.53,737.36
008,0,0,0,0,33.4358,S,70.5218,W,16,8,2020,14,17,21,791.80,22.18,927.53,737.36
008,0,0,0,0,33.4358,S,70.5218,W,16,8,2020,14,17,22,791.80,22.18,927.53,737.36
008,6,4,4,4,33.4358,S,70.5218,W,0,0,2000,14,22,20,793.90,21.94,927.56,737.10
008,0,0,0,0,33.4358,S,70.5218,W,16,8,2020,14,22,21,793.90,21.94,927.56,737.10
008,0,0,0,0,33.4358,S,70.5218,W,16,8,2020,14,22,22,793.90,21.94,927.56,737.10
008,6,4,4,4,33.4358,S,70.5218,W,0,0,2000,14,27,20,790.40,21.66,927.51,737.56
008,0,0,0,0,33.4358,S,70.5218,W,16,8,2020,14,27,21,790.40,21.66,927.51,737.56
008,0,0,0,0,33.4358,S,70.5218,W,16,8,2020,14,27,22,790.40,21.66,927.51,737.56
008,6,4,4,4,33.4357,S,70.5219,W,0,0,2000,14,32,20,789.50,21.16,927.57,737.03
008,0,0,0,0,33.4357,S,70.5219,W,16,8,2020,14,32,21,789.50,21.16,927.57,737.03
008,0,0,0,0,33.4357,S,70.5219,W,16,8,2020,14,32,22,789.50,21.16,927.57,737.03
008,1115,928,868,816,33.4358,S,70.5219,W,16,8,2020,14,35,44,0.00,22.43,927.58,736.96
008,1166,953,865,1069,33.4358,S,70.5219,W,16,8,2020,14,36,24,782.90,22.43,927.58,736.96
008,1158,964,881,1090,33.4358,S,70.5219,W,16,8,2020,14,37,3,,22.43,927.58,736.96
008,6,5,4,4,33.4358,S,70.5218,W,0,0,2000,14,42,20,794.90,23.59,927.54,737.31
008,0,0,0,0,33.4358,S,70.5218,W,16,8,2020,14,42,21,794.90,23.59,927.54,737.31
008,0,0,0,0,33.4358,S,70.5218,W,16,8,2020,14,42,22,794.90,23.59,927.54,737.31
008,1178,1000,927,1149,33.4357,S,70.5218,W,16,8,2020,14,45,44,0.00,22.91,927.56,737.13
008,1217,1000,929,1113,33.4357,S,70.5218,W,16,8,2020,14,46,24,798.00,22.91,927.56,737.13
008,1114,802,924,1160,33.4357,S,70.5218,W,16,8,2020,14,47,3,,22.91,927.56,737.13
008,6,4,4,4,33.4357,S,70.5218,W,0,0,2000,14,52,20,797.30,21.32,927.54,737.31
008,0,0,0,0,33.4357,S,70.5218,W,16,8,2020,14,52,21,797.30,21.32,927.54,737.31
008,0,0,0,0,33.4357,S,70.5218,W,16,8,2020,14,52,22,797.30,21.32,927.54,737.31
008,6,4,4,4,33.4357,S,70.5218,W,0,0,2000,14,57,20,798.80,20.94,927.63,736.49
008,0,0,0,0,33.4357,S,70.5218,W,16,8,2020,14,57,21,798.80,20.94,927.63,736.49
008,0,0,0,0,33.4357,S,70.5218,W,16,8,2020,14,57,22,798.80,20.94,927.63,736.49
008,1202,988,949,952,33.4357,S,70.5218,W,16,8,2020,15,0,44,0.00,21.11,927.67,736.12
008,951,705,942,1129,33.4357,S,70.5218,W,16,8,2020,15,1,24,798.00,21.11,927.67,736.12
008,1217,998,956,997,33.4357,S,70.5218,W,16,8,2020,15,2,3,,21.11,927.67,736.12
008,6,4,4,4,33.4358,S,70.5218,W,0,0,2000,15,7,20,793.50,21.87,927.69,735.92
008,0,0,0,0,33.4358,S,70.5219,W,16,8,2020,15,7,21,793.50,21.87,927.69,735.92
008,0,0,0,0,33.4358,S,70.5218,W,16,8,2020,15,7,22,793.50,21.87,927.69,735.92
008,6,4,4,4,33.4358,S,70.5218,W,0,0,2000,15,12,20,794.90,20.02,927.60,736.76
008,0,0,0,0,33.4358,S,70.5218,W,16,8,2020,15,12,21,794.90,20.02,927.60,736.76
008,0,0,0,0,33.4358,S,70.5218,W,16,8,2020,15,12,22,794.90,20.02,927.60,736.76
008,6,4,4,4,33.4358,S,70.5218,W,0,0,2000,15,17,20,794.00,20.27,927.76,735.29
008,0,0,0,0,33.4358,S,70.5218,W,16,8,2020,15,17,21,794.00,20.27,927.76,735.29
008,0,0,0,0,33.4358,S,70.5218,W,16,8,2020,15,17,22,794.00,20.27,927.76,735.29
008,6,4,4,4,33.4358,S,70.5219,W,16,8,2020,15,22,20,793.80,19.74,927.77,735.20
008,0,0,0,0,33.4358,S,70.5219,W,16,8,2020,15,22,21,793.80,19.74,927.77,735.20
008,0,0,0,0,33.4357,S,70.5219,W,16,8,2020,15,22,22,793.90,19.74,927.77,735.20
008,1254,1041,963,1195,33.4358,S,70.5218,W,16,8,2020,15,25,45,795.80,19.86,927.89,734.16
008,1231,996,939,1168,33.4358,S,70.5218,W,16,8,2020,15,26,24,799.80,19.86,927.89,734.16
008,1162,946,949,1172,33.4358,S,70.5217,W,16,8,2020,15,27,3,,19.86,927.89,734.16
008,1284,1054,982,1207,33.4359,S,70.5218,W,0,0,2000,15,30,45,806.40,18.87,927.93,733.78
008,1266,1042,973,1206,33.4359,S,70.5218,W,16,8,2020,15,31,24,806.80,18.87,927.93,733.78
008,1268,1049,963,1204,33.4358,S,70.5218,W,16,8,2020,15,32,3,,18.87,927.93,733.78
008,6,4,4,4,33.4358,S,70.5219,W,0,0,2000,15,37,20,803.30,19.18,928.00,733.19
008,0,0,0,0,33.4358,S,70.5219,W,16,8,2020,15,37,21,803.30,19.18,928.00,733.19
008,0,0,0,0,33.4358,S,70.5218,W,16,8,2020,15,37,22,803.30,19.18,928.00,733.19
008,6,4,4,4,33.4358,S,70.5218,W,0,0,2000,15,42,20,804.10,19.85,928.00,733.16
008,0,0,0,0,33.4358,S,70.5218,W,16,8,2020,15,42,21,804.20,19.85,928.00,733.16
008,0,0,0,0,33.4358,S,70.5218,W,16,8,2020,15,42,22,804.20,19.85,928.00,733.16
008,1141,986,989,1164,33.4358,S,70.5218,W,16,8,2020,15,45,44,0.00,20.06,928.02,732.97
008,1310,1068,994,1236,33.4358,S,70.5218,W,16,8,2020,15,46,24,805.50,20.06,928.02,732.97
008,1298,1074,983,1234,33.4358,S,70.5218,W,16,8,2020,15,47,3,,20.06,928.02,732.97
008,6,4,4,4,33.4357,S,70.5218,W,0,0,2000,15,52,20,802.80,19.78,928.04,732.82
008,0,0,0,0,33.4358,S,70.5218,W,16,8,2020,15,52,21,802.70,19.78,928.04,732.82
008,0,0,0,0,33.4358,S,70.5218,W,16,8,2020,15,52,22,802.60,19.78,928.04,732.82
008,6,4,4,4,33.4358,S,70.5218,W,0,0,2000,15,57,20,800.40,21.06,927.99,733.26
008,0,0,0,0,33.4358,S,70.5218,W,16,8,2020,15,57,21,800.40,21.06,927.99,733.26
008,0,0,0,0,33.4358,S,70.5218,W,16,8,2020,15,57,22,800.40,21.06,927.99,733.26
008,6,4,4,4,33.4358,S,70.5217,W,0,0,2000,16,2,20,797.20,22.93,927.80,734.95
008,0,0,0,0,33.4358,S,70.5218,W,16,8,2020,16,2,21,797.20,22.93,927.80,734.95
008,0,0,0,0,33.4358,S,70.5218,W,16,8,2020,16,2,22,797.20,22.93,927.80,734.95
008,1322,1081,1022,971,33.4358,S,70.5218,W,16,8,2020,16,5,44,0.00,24.72,927.84,734.58
008,1326,1098,1018,1122,33.4358,S,70.5218,W,16,8,2020,16,6,24,795.80,24.72,927.84,734.58
008,1337,1096,990,1160,33.4358,S,70.5218,W,16,8,2020,16,7,3,,24.72,927.84,734.58
008,1355,1112,1030,1249,33.4358,S,70.5217,W,16,8,2020,16,10,45,798.40,23.41,927.89,734.21
008,1120,918,1029,922,33.4358,S,70.5218,W,16,8,2020,16,11,24,797.20,23.41,927.89,734.21
008,1323,1079,1031,1253,33.4358,S,70.5218,W,16,8,2020,16,12,3,,23.41,927.89,734.21
008,1282,1026,1039,1201,33.4358,S,70.5217,W,16,8,2020,16,15,44,0.00,23.71,927.78,735.10
008,1305,1115,1033,1231,33.4358,S,70.5218,W,16,8,2020,16,16,24,796.00,23.71,927.78,735.10
008,1358,1123,1035,1228,33.4358,S,70.5218,W,16,8,2020,16,17,3,,23.71,927.78,735.10
008,1352,1086,1041,997,33.4358,S,70.5218,W,16,8,2020,16,20,44,0.00,25.75,927.82,734.76
008,1345,1112,1031,1255,33.4358,S,70.5218,W,16,8,2020,16,21,24,788.30,25.75,927.82,734.76
008,1309,1110,1030,1177,33.4358,S,70.5218,W,16,8,2020,16,22,3,,25.75,927.82,734.76
008,6,5,5,4,33.4359,S,70.5217,W,0,0,2000,16,27,20,793.80,24.91,927.71,735.81
008,0,0,0,0,33.4359,S,70.5217,W,16,8,2020,16,27,21,793.80,24.91,927.71,735.81
008,0,0,0,0,33.4359,S,70.5217,W,16,8,2020,16,27,22,793.80,24.91,927.71,735.81
008,6,4,4,4,33.4358,S,70.5218,W,0,0,2000,16,32,20,803.40,21.46,927.60,736.79
008,0,0,0,0,33.4358,S,70.5218,W,16,8,2020,16,32,21,803.40,21.46,927.60,736.79
008,0,0,0,0,33.4358,S,70.5218,W,16,8,2020,16,32,22,803.40,21.46,927.60,736.79
008,6,5,5,4,33.4358,S,70.5218,W,0,0,2000,16,37,20,816.70,22.23,927.62,736.57
008,0,0,0,0,33.4358,S,70.5218,W,16,8,2020,16,37,21,816.60,22.23,927.62,736.57
008,0,0,0,0,33.4358,S,70.5218,W,16,8,2020,16,37,22,816.60,22.23,927.62,736.57
008,1149,953,1018,1079,33.4358,S,70.5218,W,16,8,2020,16,40,44,0.00,22.48,927.62,736.60
008,1274,1093,1008,978,33.4358,S,70.5217,W,16,8,2020,16,41,24,815.50,22.48,927.62,736.60
008,1242,1081,1016,1159,33.4358,S,70.5218,W,16,8,2020,16,42,3,,22.48,927.62,736.60
008,7,4,4,4,33.4358,S,70.5218,W,0,0,2000,16,47,20,803.90,21.60,927.58,736.92
008,0,0,0,0,33.4358,S,70.5218,W,16,8,2020,16,47,21,803.90,21.60,927.58,736.92
008,0,0,0,0,33.4358,S,70.5218,W,16,8,2020,16,47,22,803.90,21.60,927.58,736.92
008,1348,1114,1046,1254,33.4358,S,70.5218,W,16,8,2020,16,50,44,0.00,21.89,927.46,738.02
008,1254,1066,1018,1242,33.4358,S,70.5218,W,16,8,2020,16,51,24,804.60,21.89,927.46,738.02
008,1311,1075,1020,1264,33.4358,S,70.5218,W,16,8,2020,16,52,3,,21.89,927.46,738.02
008,6,5,5,4,33.4357,S,70.5217,W,0,0,2000,16,57,20,802.50,24.18,927.36,738.92
008,0,0,0,0,33.4357,S,70.5218,W,16,8,2020,16,57,21,802.50,24.18,927.36,738.92
008,0,0,0,0,33.4357,S,70.5218,W,16,8,2020,16,57,22,802.50,24.18,927.36,738.92
008,6,5,5,4,33.4358,S,70.5218,W,0,0,2000,17,2,20,800.50,23.29,927.30,739.42
008,0,0,0,0,33.4358,S,70.5218,W,16,8,2020,17,2,21,800.50,23.29,927.30,739.42
008,0,0,0,0,33.4358,S,70.5217,W,16,8,2020,17,2,22,800.50,23.29,927.30,739.42
008,1252,1073,1011,1204,33.4358,S,70.5218,W,16,8,2020,17,5,45,789.20,21.48,927.34,739.09
008,1320,1091,1008,1242,33.4358,S,70.5218,W,16,8,2020,17,6,24,803.20,21.48,927.34,739.09
008,1319,1089,1009,1246,33.4358,S,70.5218,W,16,8,2020,17,7,3,,21.48,927.34,739.09
008,6,4,4,4,33.4358,S,70.5217,W,0,0,2000,17,12,20,800.70,21.61,927.25,739.84
008,0,0,0,0,33.4358,S,70.5217,W,16,8,2020,17,12,21,800.70,21.61,927.25,739.84
008,0,0,0,0,33.4358,S,70.5217,W,16,8,2020,17,12,22,800.70,21.61,927.25,739.84
008,6,4,4,4,33.4358,S,70.5217,W,0,0,2000,17,17,20,799.50,22.53,927.27,739.69
008,0,0,0,0,33.4358,S,70.5217,W,16,8,2020,17,17,21,799.50,22.53,927.27,739.69
008,0,0,0,0,33.4358,S,70.5217,W,16,8,2020,17,17,22,799.50,22.53,927.27,739.69
008,1168,850,956,1038,33.4358,S,70.5218,W,16,8,2020,17,20,44,0.00,23.04,927.18,740.52
008,1194,967,951,1186,33.4358,S,70.5218,W,16,8,2020,17,21,24,802.30,23.04,927.18,740.52
008,1161,938,947,1182,33.4358,S,70.5218,W,16,8,2020,17,22,3,,23.04,927.18,740.52
008,6,4,4,4,33.4358,S,70.5217,W,0,0,2000,17,27,20,798.50,22.11,927.10,741.21
008,0,0,0,0,33.4358,S,70.5217,W,16,8,2020,17,27,21,798.50,22.11,927.10,741.21
008,0,0,0,0,33.4358,S,70.5217,W,16,8,2020,17,27,22,798.50,22.11,927.10,741.21
008,6,4,4,4,33.4358,S,70.5217,W,0,0,2000,17,32,20,799.90,20.72,927.03,741.84
008,0,0,0,0,33.4358,S,70.5217,W,16,8,2020,17,32,21,799.90,20.72,927.03,741.84
008,0,0,0,0,33.4358,S,70.5217,W,16,8,2020,17,32,22,799.90,20.72,927.03,741.84
008,1236,1009,944,1160,33.4358,S,70.5218,W,16,8,2020,17,35,45,798.30,22.46,926.90,743.03
008,1227,1011,923,1163,33.4358,S,70.5218,W,16,8,2020,17,36,24,798.90,22.46,926.90,743.03
008,1175,937,935,1168,33.4358,S,70.5218,W,16,8,2020,17,37,3,,22.46,926.90,743.03
008,1186,964,905,1132,33.4358,S,70.5217,W,16,8,2020,17,40,44,0.00,23.92,926.94,742.70
008,1151,899,892,1016,33.4358,S,70.5217,W,16,8,2020,17,41,24,798.40,23.92,926.94,742.70
008,1172,972,897,1120,33.4358,S,70.5217,W,16,8,2020,17,42,3,,23.92,926.94,742.70
008,6,5,5,4,33.4358,S,70.5218,W,0,0,2000,17,47,20,797.60,24.79,926.97,742.37
008,0,0,0,0,33.4358,S,70.5217,W,16,8,2020,17,47,21,797.60,24.79,926.97,742.37
008,0,0,0,0,33.4358,S,70.5217,W,16,8,2020,17,47,22,797.60,24.79,926.97,742.37
008,1158,946,875,1092,33.4358,S,70.5217,W,16,8,2020,17,50,45,789.30,23.94,926.83,743.60
008,1121,928,876,1086,33.4358,S,70.5217,W,16,8,2020,17,51,24,790.90,23.94,926.83,743.60
008,1083,920,879,984,33.4358,S,70.5217,W,16,8,2020,17,52,3,,23.94,926.83,743.60
008,1162,962,870,1104,33.4358,S,70.5217,W,16,8,2020,17,55,45,796.40,23.83,926.80,743.96
008,1178,966,891,1108,33.4358,S,70.5217,W,16,8,2020,17,56,24,794.70,23.83,926.80,743.96
008,1174,941,856,1099,33.4358,S,70.5217,W,16,8,2020,17,57,3,,23.83,926.80,743.96
008,6,5,5,4,33.4358,S,70.5217,W,0,0,2000,18,2,20,794.90,24.14,926.86,743.42
008,0,0,0,0,33.4358,S,70.5217,W,16,8,2020,18,2,21,794.90,24.14,926.86,743.42
008,0,0,0,0,33.4358,S,70.5217,W,16,8,2020,18,2,22,794.90,24.14,926.86,743.42
008,1106,913,851,1049,33.4358,S,70.5217,W,16,8,2020,18,5,44,0.00,24.10,926.77,744.18
008,964,745,850,937,33.4358,S,70.5217,W,16,8,2020,18,6,24,794.50,24.10,926.77,744.18
008,1109,912,832,1034,33.4358,S,70.5217,W,16,8,2020,18,7,3,,24.10,926.77,744.18
008,6,5,4,4,33.4358,S,70.5218,W,0,0,2000,18,12,20,781.60,22.92,926.70,744.76
008,0,0,0,0,33.4358,S,70.5217,W,16,8,2020,18,12,21,780.20,22.92,926.70,744.76
008,0,0,0,0,33.4358,S,70.5218,W,16,8,2020,18,12,22,783.20,22.92,926.70,744.76
008,6,4,4,4,33.4358,S,70.5218,W,0,0,2000,18,17,20,797.50,22.00,926.72,744.66
008,0,0,0,0,33.4358,S,70.5218,W,16,8,2020,18,17,21,797.50,22.00,926.72,744.66
008,0,0,0,0,33.4358,S,70.5218,W,16,8,2020,18,17,22,797.50,22.00,926.72,744.66
008,1040,855,788,988,33.4359,S,70.5218,W,16,8,2020,18,20,45,805.90,21.16,926.80,743.87
008,1040,858,787,984,33.4358,S,70.5218,W,16,8,2020,18,21,24,802.90,21.16,926.80,743.87
008,1028,859,781,974,33.4358,S,70.5217,W,16,8,2020,18,22,3,,21.16,926.80,743.87
008,6,4,4,4,33.4358,S,70.5218,W,0,0,2000,18,27,20,793.20,20.96,926.69,744.90
008,0,0,0,0,33.4358,S,70.5218,W,16,8,2020,18,27,21,792.90,20.96,926.69,744.90
008,0,0,0,0,33.4358,S,70.5218,W,16,8,2020,18,27,22,793.20,20.96,926.69,744.90
008,6,4,4,4,33.4358,S,70.5218,W,0,0,2000,18,32,20,800.80,20.51,926.62,745.53
008,0,0,0,0,33.4358,S,70.5218,W,16,8,2020,18,32,21,800.80,20.51,926.62,745.53
008,0,0,0,0,33.4358,S,70.5218,W,16,8,2020,18,32,22,800.80,20.51,926.62,745.53
008,787,742,700,763,33.4358,S,70.5217,W,16,8,2020,18,35,45,799.20,21.84,926.66,745.13
008,902,761,691,870,33.4358,S,70.5217,W,16,8,2020,18,36,24,800.20,21.84,926.66,745.13
008,914,749,698,716,33.4358,S,70.5217,W,16,8,2020,18,37,3,,21.84,926.66,745.13
008,6,4,4,4,33.4358,S,70.5218,W,0,0,2000,18,42,20,802.40,21.79,926.65,745.23
008,0,0,0,0,33.4358,S,70.5218,W,16,8,2020,18,42,21,802.40,21.79,926.65,745.23
008,0,0,0,0,33.4358,S,70.5218,W,16,8,2020,18,42,22,802.40,21.79,926.65,745.23
008,721,716,675,660,33.4358,S,70.5218,W,0,0,2000,18,45,45,809.80,21.48,926.70,744.81
008,790,708,669,795,33.4358,S,70.5218,W,16,8,2020,18,46,24,805.20,21.48,926.70,744.81
008,872,683,627,814,33.4358,S,70.5217,W,16,8,2020,18,47,3,,21.48,926.70,744.81
008,6,4,4,4,33.4358,S,70.5217,W,0,0,2000,18,52,20,808.10,21.90,926.63,745.45
008,0,0,0,0,33.4358,S,70.5217,W,16,8,2020,18,52,21,808.10,21.90,926.63,745.45
008,0,0,0,0,33.4358,S,70.5217,W,16,8,2020,18,52,22,808.10,21.90,926.63,745.45
008,6,4,4,4,33.4358,S,70.5217,W,0,0,2000,18,57,20,805.80,21.80,926.67,745.08
008,0,0,0,0,33.4358,S,70.5217,W,16,8,2020,18,57,21,805.80,21.80,926.67,745.08
008,0,0,0,0,33.4358,S,70.5217,W,16,8,2020,18,57,22,805.80,21.80,926.67,745.08
008,6,5,4,4,33.4358,S,70.5217,W,0,0,2000,19,2,20,804.90,21.58,926.59,745.83
008,0,0,0,0,33.4358,S,70.5217,W,16,8,2020,19,2,21,804.90,21.58,926.59,745.83
008,0,0,0,0,33.4358,S,70.5217,W,16,8,2020,19,2,22,804.90,21.58,926.59,745.83
008,6,4,4,4,33.4358,S,70.5218,W,0,0,2000,19,7,20,803.60,22.05,926.62,745.49
008,0,0,0,0,33.4358,S,70.5218,W,16,8,2020,19,7,21,803.60,22.05,926.62,745.49
008,0,0,0,0,33.4358,S,70.5218,W,16,8,2020,19,7,22,803.60,22.05,926.62,745.49
008,780,637,577,724,33.4358,S,70.5217,W,16,8,2020,19,10,45,781.60,22.08,926.63,745.43
008,741,631,575,681,33.4358,S,70.5217,W,16,8,2020,19,11,24,806.60,22.08,926.63,745.43
008,713,579,560,671,33.4358,S,70.5217,W,16,8,2020,19,12,3,,22.08,926.63,745.43
008,764,619,566,715,33.4358,S,70.5218,W,16,8,2020,19,15,45,805.20,22.35,926.63,745.43
008,655,498,570,529,33.4358,S,70.5218,W,16,8,2020,19,16,24,805.50,22.35,926.63,745.43
008,412,409,552,349,33.4358,S,70.5218,W,16,8,2020,19,17,3,,22.35,926.63,745.43
008,6,4,4,4,33.4358,S,70.5217,W,0,0,2000,19,22,20,803.50,22.30,926.62,745.52
008,0,0,0,0,33.4358,S,70.5217,W,16,8,2020,19,22,21,803.50,22.30,926.62,745.52
008,0,0,0,0,33.4358,S,70.5217,W,16,8,2020,19,22,22,803.50,22.30,926.62,745.52
008,708,590,562,675,33.4358,S,70.5218,W,16,8,2020,19,25,44,0.00,23.14,926.51,746.49
008,742,610,565,700,33.4358,S,70.5218,W,16,8,2020,19,26,24,803.20,23.14,926.51,746.49
008,669,552,554,601,33.4358,S,70.5218,W,16,8,2020,19,27,3,,23.14,926.51,746.49
008,640,487,546,688,33.4358,S,70.5218,W,16,8,2020,19,30,45,810.10,22.97,926.57,745.97
008,675,543,523,656,33.4358,S,70.5218,W,16,8,2020,19,31,24,808.80,22.97,926.57,745.97
008,648,570,505,659,33.4358,S,70.5218,W,16,8,2020,19,32,3,,22.97,926.57,745.97
008,717,552,527,507,33.4358,S,70.5217,W,16,8,2020,19,35,45,809.10,21.10,926.65,745.22
008,706,581,534,672,33.4358,S,70.5217,W,16,8,2020,19,36,24,808.60,21.10,926.65,745.22
008,712,581,535,659,33.4358,S,70.5217,W,16,8,2020,19,37,3,,21.10,926.65,745.22
008,714,583,543,674,33.4358,S,70.5218,W,16,8,2020,19,40,45,808.20,22.53,926.62,745.56
008,729,598,548,683,33.4358,S,70.5218,W,16,8,2020,19,41,24,808.90,22.53,926.62,745.56
008,740,606,538,696,33.4358,S,70.5218,W,16,8,2020,19,42,3,,22.53,926.62,745.56
008,6,4,4,4,33.4358,S,70.5218,W,0,0,2000,19,47,20,802.70,21.98,926.69,744.92
008,0,0,0,0,33.4358,S,70.5218,W,16,8,2020,19,47,21,802.70,21.98,926.69,744.92
008,0,0,0,0,33.4358,S,70.5218,W,16,8,2020,19,47,22,802.70,21.98,926.69,744.92
008,688,588,520,482,33.4359,S,70.5218,W,16,8,2020,19,50,45,788.60,23.49,926.66,745.17
008,649,465,536,620,33.4359,S,70.5218,W,16,8,2020,19,51,24,792.00,23.49,926.66,745.17
008,705,582,523,668,33.4359,S,70.5218,W,16,8,2020,19,52,3,,23.49,926.66,745.17
008,6,4,5,4,33.4358,S,70.5217,W,0,0,2000,19,57,20,793.70,23.05,926.61,745.58
008,0,0,0,0,33.4358,S,70.5217,W,16,8,2020,19,57,21,793.70,23.05,926.61,745.58
008,0,0,0,0,33.4358,S,70.5217,W,16,8,2020,19,57,22,793.70,23.05,926.61,745.58
008,6,4,4,4,33.4358,S,70.5217,W,0,0,2000,20,2,20,790.10,22.51,926.66,745.19
008,0,0,0,0,33.4358,S,70.5217,W,16,8,2020,20,2,21,790.10,22.51,926.66,745.19
008,0,0,0,0,33.4358,S,70.5217,W,16,8,2020,20,2,22,790.10,22.51,926.66,745.19
008,577,421,515,552,33.4359,S,70.5217,W,16,8,2020,20,5,45,793.60,22.09,926.73,744.52
008,728,568,526,519,33.4359,S,70.5217,W,16,8,2020,20,6,24,792.70,22.09,926.73,744.52
008,524,404,506,450,33.4359,S,70.5217,W,16,8,2020,20,7,3,,22.09,926.73,744.52
008,6,4,4,4,33.4358,S,70.5217,W,0,0,2000,20,12,20,795.90,21.35,926.64,745.35
008,0,0,0,0,33.4358,S,70.5217,W,16,8,2020,20,12,21,795.90,21.35,926.64,745.35
008,0,0,0,0,33.4358,S,70.5217,W,16,8,2020,20,12,22,795.90,21.35,926.64,745.35
008,6,5,4,4,33.4359,S,70.5217,W,0,0,2000,20,17,20,796.10,22.07,926.61,745.58
008,0,0,0,0,33.4359,S,70.5217,W,16,8,2020,20,17,21,796.10,22.07,926.61,745.58
008,0,0,0,0,33.4359,S,70.5217,W,16,8,2020,20,17,22,796.10,22.07,926.61,745.58
008,417,451,469,224,33.4359,S,70.5217,W,16,8,2020,20,20,45,798.30,21.94,926.76,744.24
008,626,508,469,597,33.4358,S,70.5217,W,16,8,2020,20,21,24,797.20,21.94,926.76,744.24
008,610,513,474,515,33.4358,S,70.5217,W,16,8,2020,20,22,3,,21.94,926.76,744.24
008,617,444,442,521,33.4358,S,70.5217,W,16,8,2020,20,25,45,800.20,21.81,926.78,744.07
008,591,494,443,563,33.4358,S,70.5217,W,16,8,2020,20,26,24,799.80,21.81,926.78,744.07
008,485,455,429,554,33.4358,S,70.5217,W,16,8,2020,20,27,3,,21.81,926.78,744.07
008,6,4,4,4,33.4358,S,70.5217,W,0,0,2000,20,32,20,796.40,21.37,926.78,744.11
008,0,0,0,0,33.4358,S,70.5217,W,16,8,2020,20,32,21,796.40,21.37,926.78,744.11
008,0,0,0,0,33.4358,S,70.5217,W,16,8,2020,20,32,22,796.40,21.37,926.78,744.11
008,532,367,417,523,33.4359,S,70.5217,W,16,8,2020,20,35,45,794.00,21.46,926.88,743.19
008,580,448,406,490,33.4359,S,70.5217,W,16,8,2020,20,36,24,795.50,21.46,926.88,743.19
008,517,417,407,468,33.4358,S,70.5217,W,16,8,2020,20,37,3,,21.46,926.88,743.19
008,6,4,4,4,33.4358,S,70.5218,W,16,8,2020,20,42,20,793.90,19.91,926.75,744.35
008,0,0,0,0,33.4358,S,70.5218,W,16,8,2020,20,42,21,793.90,19.91,926.75,744.35
008,0,0,0,0,33.4358,S,70.5218,W,16,8,2020,20,42,22,793.90,19.91,926.75,744.35
008,6,4,4,4,33.4358,S,70.5217,W,0,0,2000,20,47,20,788.80,19.40,926.70,744.84
008,0,0,0,0,33.4358,S,70.5217,W,16,8,2020,20,47,21,788.80,19.40,926.70,744.84
008,0,0,0,0,33.4358,S,70.5217,W,16,8,2020,20,47,22,788.80,19.40,926.70,744.84
008,6,4,4,4,33.4358,S,70.5217,W,16,8,2020,20,52,20,786.10,19.81,926.71,744.70
008,0,0,0,0,33.4358,S,70.5217,W,16,8,2020,20,52,21,786.10,19.81,926.71,744.70
008,0,0,0,0,33.4358,S,70.5217,W,16,8,2020,20,52,22,786.10,19.81,926.71,744.70
008,6,4,4,4,33.4358,S,70.5217,W,16,8,2020,20,57,20,783.50,19.01,926.77,744.17
008,0,0,0,0,33.4358,S,70.5217,W,16,8,2020,20,57,21,783.40,19.01,926.77,744.17
008,0,0,0,0,33.4358,S,70.5217,W,16,8,2020,20,57,22,783.40,19.01,926.77,744.17
008,6,4,4,4,33.4359,S,70.5218,W,16,8,2020,21,2,20,787.00,19.06,926.81,743.84
008,0,0,0,0,33.4359,S,70.5218,W,16,8,2020,21,2,21,787.00,19.06,926.81,743.84
008,0,0,0,0,33.4359,S,70.5218,W,16,8,2020,21,2,22,787.00,19.06,926.81,743.84
008,331,259,246,302,33.4358,S,70.5217,W,0,0,2000,21,5,45,780.80,18.30,926.87,743.30
008,339,279,240,312,33.4358,S,70.5217,W,0,0,2000,21,6,24,784.70,18.30,926.87,743.30
008,283,220,237,262,33.4358,S,70.5217,W,16,8,2020,21,7,3,784.70,18.30,926.87,743.30
008,200,164,196,160,33.4358,S,70.5217,W,16,8,2020,21,10,45,785.10,18.17,926.94,742.70
008,204,161,192,195,33.4358,S,70.5217,W,16,8,2020,21,11,24,783.90,18.17,926.94,742.70
008,263,201,189,249,33.4358,S,70.5217,W,16,8,2020,21,12,3,,18.17,926.94,742.70
008,184,148,163,167,33.4359,S,70.5217,W,0,0,2000,21,15,45,784.60,17.19,926.87,743.27
008,228,179,157,200,33.4359,S,70.5217,W,0,0,2000,21,16,24,784.20,17.19,926.87,743.27
008,226,183,153,165,33.4358,S,70.5217,W,16,8,2020,21,17,3,,17.19,926.87,743.27
008,174,139,115,148,33.4358,S,70.5217,W,16,8,2020,21,20,45,796.60,16.96,927.16,740.68
008,152,123,114,112,33.4358,S,70.5217,W,16,8,2020,21,21,24,789.80,16.96,927.16,740.68
008,148,122,111,151,33.4358,S,70.5217,W,16,8,2020,21,22,3,,16.96,927.16,740.68
008,6,4,4,4,33.4358,S,70.5217,W,0,0,2000,21,27,20,795.10,16.41,926.97,742.39
008,0,0,0,0,33.4358,S,70.5217,W,16,8,2020,21,27,21,795.10,16.41,926.97,742.39
008,0,0,0,0,33.4358,S,70.5217,W,16,8,2020,21,27,22,795.10,16.41,926.97,742.39
008,6,4,4,4,33.4359,S,70.5217,W,0,0,2000,21,32,20,787.90,15.78,927.06,741.59
008,0,0,0,0,33.4359,S,70.5217,W,16,8,2020,21,32,21,787.90,15.78,927.06,741.59
008,0,0,0,0,33.4359,S,70.5217,W,16,8,2020,21,32,22,787.90,15.78,927.06,741.59
008,12,5,5,4,33.4358,S,70.5217,W,0,0,2000,12,0,45,786.50,1.33,926.57,745.94
008,13,5,4,4,33.4358,S,70.5217,W,17,8,2020,12,1,24,794.00,1.33,926.57,745.94
008,13,5,5,4,33.4358,S,70.5217,W,17,8,2020,12,2,3,792.90,1.33,926.57,745.94
008,15,4,5,4,33.4358,S,70.5218,W,0,0,2000,12,5,45,798.40,1.43,926.50,746.57
008,14,4,4,4,33.4358,S,70.5218,W,17,8,2020,12,6,24,795.60,1.43,926.50,746.57
008,17,4,5,4,33.4358,S,70.5218,W,17,8,2020,12,7,3,795.50,1.43,926.50,746.57
008,13,5,4,4,33.4358,S,70.5218,W,0,0,2000,12,10,45,802.10,1.68,926.48,746.82
008,14,4,4,4,33.4358,S,70.5218,W,17,8,2020,12,11,24,800.60,1.68,926.48,746.82
008,12,5,4,4,33.4358,S,70.5218,W,17,8,2020,12,12,3,800.30,1.68,926.48,746.82
008,12,4,4,4,33.4358,S,70.5218,W,0,0,2000,12,15,45,796.60,1.85,926.57,745.98
008,12,4,4,4,33.4358,S,70.5218,W,17,8,2020,12,16,24,798.80,1.85,926.57,745.98
008,13,4,5,4,33.4358,S,70.5218,W,17,8,2020,12,17,3,798.70,1.85,926.57,745.98
008,12,4,5,4,33.4358,S,70.5218,W,0,0,2000,12,20,45,798.00,2.01,926.58,745.85
008,17,4,5,4,33.4358,S,70.5218,W,17,8,2020,12,21,24,797.60,2.01,926.58,745.85
008,12,4,4,4,33.4358,S,70.5218,W,17,8,2020,12,22,3,797.40,2.01,926.58,745.85
008,19,16,24,9,33.4358,S,70.5217,W,0,0,2000,12,25,45,791.70,2.20,926.58,745.91
008,13,5,4,4,33.4358,S,70.5217,W,17,8,2020,12,26,24,793.40,2.20,926.58,745.91
008,12,5,4,4,33.4358,S,70.5217,W,17,8,2020,12,27,3,793.50,2.20,926.58,745.91
008,162,121,111,132,33.4359,S,70.5218,W,0,0,2000,12,30,45,795.00,3.49,926.69,744.94
008,128,110,107,122,33.4359,S,70.5218,W,17,8,2020,12,31,24,795.50,3.49,926.69,744.94
008,184,150,110,145,33.4359,S,70.5218,W,17,8,2020,12,32,3,,3.49,926.69,744.94
008,48,23,49,33,33.4359,S,70.5218,W,0,0,2000,12,35,45,796.90,5.04,926.74,744.45
008,30,30,23,20,33.4359,S,70.5218,W,17,8,2020,12,36,24,795.90,5.04,926.74,744.45
008,65,50,43,56,33.4359,S,70.5218,W,17,8,2020,12,37,3,796.00,5.04,926.74,744.45
008,71,40,58,58,33.4358,S,70.5218,W,0,0,2000,12,40,45,792.90,5.75,926.70,744.85
008,11,5,4,4,33.4358,S,70.5218,W,17,8,2020,12,41,24,794.10,5.75,926.70,744.85
008,69,40,50,54,33.4358,S,70.5218,W,17,8,2020,12,42,3,794.30,5.75,926.70,744.85
008,150,187,184,308,33.4359,S,70.5218,W,0,0,2000,12,45,45,793.70,6.55,926.64,745.37
008,404,383,317,454,33.4359,S,70.5218,W,17,8,2020,12,46,24,794.20,6.55,926.64,745.37
008,469,388,358,380,33.4359,S,70.5219,W,17,8,2020,12,47,3,,6.55,926.64,745.37
008,5,4,4,4,33.4358,S,70.5217,W,17,8,2020,12,52,20,796.00,8.81,926.60,745.69
008,0,0,0,0,33.4358,S,70.5217,W,17,8,2020,12,52,21,796.10,8.81,926.60,745.69
008,0,0,0,0,33.4358,S,70.5218,W,17,8,2020,12,52,22,796.10,8.81,926.60,745.69
008,538,532,393,476,33.4359,S,70.5218,W,0,0,2000,12,55,45,791.50,10.48,926.57,745.93
008,609,500,477,669,33.4359,S,70.5218,W,17,8,2020,12,56,24,794.80,10.48,926.57,745.93
008,673,600,533,565,33.4360,S,70.5219,W,17,8,2020,12,57,3,,10.48,926.57,745.93
008,5,4,4,4,33.4359,S,70.5218,W,17,8,2020,13,2,20,791.80,13.24,926.52,746.46
008,0,0,0,0,33.4359,S,70.5218,W,17,8,2020,13,2,21,791.80,13.24,926.52,746.46
008,0,0,0,0,33.4360,S,70.5218,W,17,8,2020,13,2,22,791.80,13.24,926.52,746.46
008,5,4,4,4,33.4358,S,70.5218,W,17,8,2020,13,7,20,791.10,15.77,926.50,746.56
008,0,0,0,0,33.4358,S,70.5217,W,17,8,2020,13,7,21,791.10,15.77,926.50,746.56
008,0,0,0,0,33.4358,S,70.5217,W,17,8,2020,13,7,22,791.10,15.77,926.50,746.56
008,863,723,658,660,33.4359,S,70.5218,W,17,8,2020,13,10,47,782.80,17.66,926.41,747.38
008,874,723,660,842,33.4359,S,70.5218,W,17,8,2020,13,11,26,786.30,17.66,926.41,747.38
008,684,688,669,614,33.4359,S,70.5218,W,17,8,2020,13,12,5,,17.66,926.41,747.38
008,822,646,697,888,33.4359,S,70.5218,W,0,0,2000,13,20,45,790.30,20.81,926.57,745.96
008,856,705,703,855,33.4359,S,70.5218,W,17,8,2020,13,21,24,791.10,20.81,926.57,745.96
008,909,787,715,768,33.4359,S,70.5218,W,17,8,2020,13,22,3,,20.81,926.57,745.96
008,998,825,741,922,33.4358,S,70.5218,W,0,0,2000,13,25,45,792.70,21.15,926.48,746.76
008,783,710,743,697,33.4358,S,70.5218,W,17,8,2020,13,26,24,792.20,21.15,926.48,746.76
008,978,809,748,917,33.4358,S,70.5218,W,17,8,2020,13,27,3,,21.15,926.48,746.76
