009,1036,682,1121,1144,33.5567,S,70.5995,W,13,7,2020,15,44,4,0.00,22.66,947.33,
009,1045,833,1144,1207,33.5567,S,70.5995,W,13,7,2020,15,44,43,637.30,22.66,947.33,
009,1120,870,1164,1175,33.5567,S,70.5995,W,13,7,2020,15,45,22,,22.66,947.33,
009,1073,834,1102,1177,33.5567,S,70.5995,W,13,7,2020,15,55,45,636.60,26.74,,
009,1088,853,1110,1191,33.5567,S,70.5995,W,13,7,2020,15,56,22,635.80,26.74,,
009,1065,861,1125,1197,33.5567,S,70.5995,W,13,7,2020,15,57,1,,26.74,,
009,1211,959,1254,1335,33.5566,S,70.5995,W,13,7,2020,16,5,43,629.40,25.60,947.23,
009,1205,951,1236,1322,33.5566,S,70.5995,W,13,7,2020,16,6,22,629.40,25.60,947.23,
009,1205,958,1239,1316,33.5566,S,70.5995,W,13,7,2020,16,7,1,,25.60,947.23,
009,1129,893,1177,1244,33.5566,S,70.5995,W,13,7,2020,16,10,43,628.10,25.86,,
009,1111,893,1167,1234,33.5566,S,70.5995,W,13,7,2020,16,11,22,628.10,25.86,,
009,1114,876,1152,1227,33.5566,S,70.5995,W,13,7,2020,16,12,1,,25.86,,
009,1165,917,1216,1283,33.5566,S,70.5995,W,13,7,2020,16,20,43,624.20,26.35,,
009,1176,929,1207,1255,33.5566,S,70.5995,W,13,7,2020,16,21,22,624.30,26.35,,
009,1165,923,1210,1174,33.5566,S,70.5995,W,13,7,2020,16,22,1,,26.35,,
009,1146,910,1182,1252,33.5566,S,70.5995,W,13,7,2020,16,25,43,626.40,26.19,,
009,1155,915,1193,1263,33.5566,S,70.5995,W,13,7,2020,16,26,22,625.60,26.19,,
009,1178,917,1210,1240,33.5566,S,70.5995,W,13,7,2020,16,27,1,,26.19,,
009,1257,1001,1302,1381,33.5566,S,70.5995,W,13,7,2020,16,45,43,632.90,27.50,,
009,1252,988,1296,1362,33.5566,S,70.5995,W,13,7,2020,16,46,22,632.70,27.50,,
009,1257,985,1283,1199,33.5566,S,70.5995,W,13,7,2020,16,47,1,,27.50,,
009,1164,920,1195,1280,33.5566,S,70.5995,W,13,7,2020,16,50,43,630.60,27.65,,
009,1175,926,1206,1287,33.5566,S,70.5995,W,13,7,2020,16,51,22,630.80,27.65,,
009,1173,917,1212,1236,33.5566,S,70.5995,W,13,7,2020,16,52,1,,27.65,,
009,1092,868,1121,1186,33.5566,S,70.5995,W,13,7,2020,16,55,43,631.70,27.87,,
009,1097,862,1131,1178,33.5566,S,70.5995,W,13,7,2020,16,56,22,631.70,27.87,,
009,1084,819,1146,1205,33.5566,S,70.5995,W,13,7,2020,16,57,1,,27.87,,
009,1171,932,1217,1217,33.5566,S,70.5995,W,13,7,2020,17,0,43,634.70,28.23,946.54,
009,1181,925,1221,1281,33.5566,S,70.5995,W,13,7,2020,17,1,22,634.60,28.23,946.54,
009,1181,930,1228,1297,33.5566,S,70.5995,W,13,7,2020,17,2,1,,28.23,946.54,
009,1119,879,1166,1238,33.5566,S,70.5995,W,13,7,2020,17,5,43,634.80,28.24,946.52,
009,1126,895,1160,1234,33.5566,S,70.5995,W,13,7,2020,17,6,22,635.00,28.24,946.52,
009,1118,887,1162,1227,33.5566,S,70.5995,W,13,7,2020,17,7,1,,28.24,946.52,
009,1188,927,1187,1282,33.5566,S,70.5995,W,13,7,2020,17,15,43,631.10,27.98,,
009,1166,929,1188,1275,33.5566,S,70.5995,W,13,7,2020,17,16,22,631.20,27.98,,
009,1131,894,1172,1236,33.5566,S,70.5995,W,13,7,2020,17,17,1,,27.98,,
009,1103,871,1145,1221,33.5566,S,70.5995,W,13,7,2020,17,20,43,629.80,27.87,,
009,1078,848,1116,1185,33.5566,S,70.5995,W,13,7,2020,17,21,22,629.80,27.87,,
009,1062,833,1091,1175,33.5566,S,70.5995,W,13,7,2020,17,22,1,,27.87,,
009,5,5,6,5,33.5566,S,70.5995,W,13,7,2020,17,32,19,632.80,29.15,946.18,571.95
009,0,0,0,0,33.5566,S,70.5995,W,13,7,2020,17,32,20,632.80,29.15,946.18,571.95
009,0,0,0,0,33.5566,S,70.5995,W,13,7,2020,17,32,21,632.70,29.15,946.18,571.95
009,5,5,6,5,33.5566,S,70.5995,W,13,7,2020,17,37,19,633.20,28.78,946.15,572.22
009,0,0,0,0,33.5566,S,70.5995,W,13,7,2020,17,37,20,633.20,28.78,946.15,572.22
009,0,0,0,0,33.5566,S,70.5995,W,13,7,2020,17,37,21,633.20,28.78,946.15,572.22
009,1045,834,1082,1145,33.5566,S,70.5995,W,13,7,2020,17,55,43,631.50,29.44,,
009,1051,824,1079,1135,33.5566,S,70.5995,W,13,7,2020,17,56,22,631.60,29.44,,
009,1028,797,1081,1142,33.5566,S,70.5995,W,13,7,2020,17,57,1,,29.44,,
009,1046,823,1082,1147,33.5566,S,70.5995,W,13,7,2020,18,0,43,634.70,29.49,946.13,
009,1041,836,1077,1142,33.5566,S,70.5995,W,13,7,2020,18,1,22,634.60,29.49,946.13,
009,1031,824,1064,1125,33.5566,S,70.5995,W,13,7,2020,18,2,1,,29.49,946.13,
009,836,666,1003,1081,33.5566,S,70.5995,W,13,7,2020,18,5,43,635.30,30.02,946.14,
009,881,732,992,1068,33.5566,S,70.5995,W,13,7,2020,18,6,22,635.30,30.02,946.14,
009,964,739,1008,1065,33.5566,S,70.5995,W,13,7,2020,18,7,1,,30.02,946.14,
009,5,5,7,5,33.5566,S,70.5995,W,13,7,2020,18,12,19,636.70,30.12,946.16,572.08
009,0,0,0,0,33.5566,S,70.5995,W,13,7,2020,18,12,20,636.70,30.12,946.16,572.08
009,0,0,0,0,33.5566,S,70.5995,W,13,7,2020,18,12,21,636.70,30.12,946.16,572.08
009,926,743,964,1014,33.5566,S,70.5995,W,13,7,2020,18,15,43,632.00,29.47,946.20,
009,951,737,966,1034,33.5566,S,70.5995,W,13,7,2020,18,16,22,632.00,29.47,946.20,
009,939,750,966,1031,33.5566,S,70.5995,W,13,7,2020,18,17,1,,29.47,946.20,
009,5,5,7,5,33.5566,S,70.5995,W,13,7,2020,18,22,19,634.10,28.86,946.13,572.35
009,0,0,0,0,33.5566,S,70.5995,W,13,7,2020,18,22,20,634.10,28.86,946.13,572.35
009,0,0,0,0,33.5566,S,70.5995,W,13,7,2020,18,22,21,634.10,28.86,946.13,572.35
009,936,740,954,1018,33.5566,S,70.5995,W,13,7,2020,18,25,43,640.00,28.93,946.16,
009,927,724,951,1012,33.5566,S,70.5995,W,13,7,2020,18,26,22,640.20,28.93,946.16,
009,914,727,959,979,33.5566,S,70.5995,W,13,7,2020,18,27,1,,28.93,946.16,
009,5,5,7,5,33.5566,S,70.5995,W,13,7,2020,18,32,19,638.00,28.19,946.07,572.88
009,0,0,0,0,33.5566,S,70.5995,W,13,7,2020,18,32,20,637.90,28.19,946.07,572.88
009,0,0,0,0,33.5566,S,70.5995,W,13,7,2020,18,32,21,637.50,28.19,946.07,572.88
009,850,669,876,924,33.5566,S,70.5995,W,13,7,2020,18,35,43,637.00,28.66,946.12,572.44
009,864,671,864,914,33.5566,S,70.5995,W,13,7,2020,18,36,22,637.50,28.66,946.12,572.44
009,844,673,868,881,33.5566,S,70.5995,W,13,7,2020,18,37,1,,28.66,946.12,572.44
009,778,639,852,894,33.5566,S,70.5995,W,13,7,2020,18,40,43,637.40,28.49,946.10,572.66
009,834,621,844,915,33.5566,S,70.5995,W,13,7,2020,18,41,22,637.50,28.49,946.10,572.66
009,824,654,849,918,33.5566,S,70.5995,W,13,7,2020,18,42,1,,28.49,946.10,572.66
009,774,636,850,872,33.5566,S,70.5995,W,13,7,2020,18,45,43,632.30,28.22,946.10,572.62
009,778,582,824,771,33.5566,S,70.5995,W,13,7,2020,18,46,22,634.00,28.22,946.10,572.62
009,700,622,828,834,33.5566,S,70.5995,W,13,7,2020,18,47,1,,28.22,946.10,572.62
009,812,644,828,893,33.5566,S,70.5995,W,13,7,2020,18,50,43,633.10,27.65,946.12,572.47
009,821,675,845,898,33.5566,S,70.5995,W,13,7,2020,18,51,22,633.10,27.65,946.12,572.47
009,816,650,833,898,33.5566,S,70.5995,W,13,7,2020,18,52,1,,27.65,946.12,572.47
009,820,658,842,886,33.5566,S,70.5995,W,13,7,2020,18,55,43,636.80,27.56,946.13,572.39
009,802,631,822,864,33.5566,S,70.5995,W,13,7,2020,18,56,22,636.70,27.56,946.13,572.39
009,805,647,823,857,33.5566,S,70.5995,W,13,7,2020,18,57,1,,27.56,946.13,572.39
009,5,5,7,5,33.5566,S,70.5995,W,13,7,2020,19,2,19,634.60,28.06,946.07,572.92
009,0,0,0,0,33.5566,S,70.5995,W,13,7,2020,19,2,20,634.60,28.06,946.07,572.92
009,0,0,0,0,33.5566,S,70.5995,W,13,7,2020,19,2,21,634.60,28.06,946.07,572.92
009,877,682,870,945,33.5566,S,70.5995,W,13,7,2020,19,5,43,635.40,29.24,946.08,572.83
009,862,681,870,945,33.5566,S,70.5995,W,13,7,2020,19,6,22,635.30,29.24,946.08,572.83
009,858,679,746,942,33.5566,S,70.5995,W,13,7,2020,19,7,1,,29.24,946.08,572.83
009,5,5,7,5,33.5566,S,70.5995,W,13,7,2020,19,12,19,634.00,29.75,946.08,572.79
009,0,0,0,0,33.5566,S,70.5995,W,13,7,2020,19,12,20,634.10,29.75,946.08,572.79
009,0,0,0,0,33.5566,S,70.5995,W,13,7,2020,19,12,21,634.10,29.75,946.08,572.79
009,813,649,810,900,33.5566,S,70.5995,W,13,7,2020,19,15,43,634.70,29.02,946.05,573.04
009,805,644,808,874,33.5566,S,70.5995,W,13,7,2020,19,16,22,634.70,29.02,946.05,573.04
009,804,630,821,876,33.5566,S,70.5995,W,13,7,2020,19,17,1,,29.02,946.05,573.04
009,736,596,779,837,33.5566,S,70.5995,W,13,7,2020,19,20,43,637.80,28.24,946.07,572.89
009,755,614,769,812,33.5566,S,70.5995,W,13,7,2020,19,21,22,637.80,28.24,946.07,572.89
009,715,552,748,810,33.5566,S,70.5995,W,13,7,2020,19,22,1,,28.24,946.07,572.89
009,722,582,740,793,33.5566,S,70.5995,W,13,7,2020,19,25,43,634.70,27.66,945.99,573.56
009,776,610,739,829,33.5566,S,70.5995,W,13,7,2020,19,26,22,634.80,27.66,945.99,573.56
009,795,630,737,859,33.5566,S,70.5995,W,13,7,2020,19,27,1,,27.66,945.99,573.56
009,5,5,6,5,33.5566,S,70.5995,W,13,7,2020,19,37,19,629.40,28.24,946.03,573.28
009,0,0,0,0,33.5566,S,70.5995,W,13,7,2020,19,37,20,629.40,28.24,946.03,573.28
009,0,0,0,0,33.5566,S,70.5995,W,13,7,2020,19,37,21,629.40,28.24,946.03,573.28
009,702,572,707,752,33.5566,S,70.5995,W,13,7,2020,19,40,43,631.50,27.96,946.10,572.60
009,694,548,703,730,33.5566,S,70.5995,W,13,7,2020,19,41,22,631.30,27.96,946.10,572.60
009,684,542,695,745,33.5566,S,70.5995,W,13,7,2020,19,42,1,,27.96,946.10,572.60
009,724,588,703,722,33.5566,S,70.5995,W,13,7,2020,19,45,43,635.10,27.76,946.14,572.31
009,723,578,705,791,33.5566,S,70.5995,W,13,7,2020,19,46,22,634.70,27.76,946.14,572.31
009,701,548,701,759,33.5566,S,70.5995,W,13,7,2020,19,47,1,,27.76,946.14,572.31
009,5,5,6,5,33.5566,S,70.5995,W,13,7,2020,19,52,19,635.60,27.43,946.07,572.92
009,0,0,0,0,33.5566,S,70.5995,W,13,7,2020,19,52,20,635.60,27.43,946.07,572.92
009,0,0,0,0,33.5566,S,70.5995,W,13,7,2020,19,52,21,635.60,27.43,946.07,572.92
009,642,515,648,705,33.5566,S,70.5995,W,13,7,2020,19,55,43,628.30,26.78,946.12,572.45
009,659,513,657,710,33.5566,S,70.5995,W,13,7,2020,19,56,22,632.40,26.78,946.12,572.45
009,667,522,658,709,33.5566,S,70.5995,W,13,7,2020,19,57,1,,26.78,946.12,572.45
009,678,550,671,735,33.5566,S,70.5995,W,13,7,2020,20,0,43,632.60,26.50,946.06,572.95
009,689,528,674,733,33.5566,S,70.5995,W,13,7,2020,20,1,22,632.60,26.50,946.06,572.95
009,682,528,671,750,33.5566,S,70.5995,W,13,7,2020,20,2,1,,26.50,946.06,572.95
009,681,534,676,758,33.5566,S,70.5995,W,13,7,2020,20,5,43,633.00,26.20,946.05,573.09
009,682,543,679,751,33.5566,S,70.5995,W,13,7,2020,20,6,22,632.90,26.20,946.05,573.09
009,688,563,689,750,33.5566,S,70.5995,W,13,7,2020,20,7,1,,26.20,946.05,573.09
009,4,5,6,4,33.5566,S,70.5994,W,13,7,2020,20,12,19,626.00,25.75,945.90,574.40
009,0,0,0,0,33.5566,S,70.5994,W,13,7,2020,20,12,20,626.00,25.75,945.90,574.40
009,0,0,0,0,33.5566,S,70.5995,W,13,7,2020,20,12,21,626.00,25.75,945.90,574.40
009,639,503,615,679,33.5566,S,70.5994,W,13,7,2020,20,15,43,623.50,25.75,945.94,574.03
009,607,493,607,675,33.5566,S,70.5994,W,13,7,2020,20,16,22,623.50,25.75,945.94,574.03
009,620,494,614,674,33.5566,S,70.5994,W,13,7,2020,20,17,1,,25.75,945.94,574.03
009,572,465,580,643,33.5566,S,70.5995,W,13,7,2020,20,20,43,629.10,25.67,945.88,574.59
009,606,477,587,653,33.5566,S,70.5995,W,13,7,2020,20,21,22,628.70,25.67,945.88,574.59
009,623,482,587,647,33.5566,S,70.5995,W,13,7,2020,20,22,1,,25.67,945.88,574.59
009,539,465,590,636,33.5566,S,70.5994,W,13,7,2020,20,25,43,627.60,25.54,945.90,574.42
009,585,450,575,627,33.5566,S,70.5994,W,13,7,2020,20,26,22,628.20,25.54,945.90,574.42
009,514,427,588,630,33.5566,S,70.5994,W,13,7,2020,20,27,1,,25.54,945.90,574.42
009,529,431,540,614,33.5566,S,70.5994,W,13,7,2020,20,30,43,630.00,25.56,945.90,574.37
009,530,420,522,573,33.5566,S,70.5994,W,13,7,2020,20,31,22,630.00,25.56,945.90,574.37
009,551,443,511,582,33.5566,S,70.5994,W,13,7,2020,20,32,1,,25.56,945.90,574.37
009,388,279,505,530,33.5566,S,70.5994,W,13,7,2020,20,35,43,628.60,25.67,945.96,573.87
009,419,283,494,541,33.5566,S,70.5994,W,13,7,2020,20,36,22,628.80,25.67,945.96,573.87
009,430,337,498,544,33.5566,S,70.5994,W,13,7,2020,20,37,1,,25.67,945.96,573.87
009,4,5,6,4,33.5566,S,70.5994,W,13,7,2020,20,42,19,629.90,25.63,945.98,573.73
009,0,0,0,0,33.5566,S,70.5994,W,13,7,2020,20,42,20,629.90,25.63,945.98,573.73
009,0,0,0,0,33.5566,S,70.5994,W,13,7,2020,20,42,21,630.00,25.63,945.98,573.73
009,434,368,419,462,33.5566,S,70.5994,W,13,7,2020,20,45,43,627.20,25.04,945.93,574.17
009,431,340,416,458,33.5566,S,70.5994,W,13,7,2020,20,46,22,627.50,25.04,945.93,574.17
009,423,332,402,449,33.5566,S,70.5994,W,13,7,2020,20,47,1,,25.04,945.93,574.17
009,4,5,6,4,33.5566,S,70.5995,W,13,7,2020,20,52,19,628.60,24.39,945.94,574.07
009,0,0,0,0,33.5566,S,70.5994,W,13,7,2020,20,52,20,628.70,24.39,945.94,574.07
009,0,0,0,0,33.5566,S,70.5994,W,13,7,2020,20,52,21,628.70,24.39,945.94,574.07
009,350,293,318,352,33.5566,S,70.5995,W,13,7,2020,20,55,43,634.60,24.29,945.97,573.74
009,319,281,314,350,33.5566,S,70.5995,W,13,7,2020,20,56,22,634.50,24.29,945.97,573.74
009,314,254,291,344,33.5566,S,70.5995,W,13,7,2020,20,57,1,,24.29,945.97,573.74
009,276,226,260,298,33.5566,S,70.5995,W,13,7,2020,21,0,43,629.30,23.94,945.91,574.34
009,265,213,252,280,33.5566,S,70.5995,W,13,7,2020,21,1,22,629.50,23.94,945.91,574.34
009,260,209,247,272,33.5566,S,70.5995,W,13,7,2020,21,2,1,,23.94,945.91,574.34
009,486,387,439,469,33.4358,S,70.5218,W,28,7,2020,12,56,6,792.50,5.18,928.76,726.38
009,509,391,460,574,33.4358,S,70.5218,W,28,7,2020,12,56,45,788.60,5.18,928.76,726.38
009,520,404,484,598,33.4358,S,70.5218,W,28,7,2020,12,57,24,,5.18,928.76,726.38
009,622,486,547,694,33.4357,S,70.5218,W,0,0,2000,13,5,44,785.40,10.05,928.69,726.97
009,612,487,543,727,33.4358,S,70.5218,W,28,7,2020,13,6,23,785.40,10.05,928.69,726.97
009,623,500,526,686,33.4358,S,70.5218,W,28,7,2020,13,7,2,,10.05,928.69,726.97
009,992,785,1016,1214,33.4358,S,70.5218,W,0,0,2000,14,20,44,789.70,18.73,928.63,
009,1002,774,1016,1191,33.4358,S,70.5218,W,28,7,2020,14,21,23,791.20,18.73,928.63,
009,1002,791,1019,1200,33.4358,S,70.5218,W,28,7,2020,14,22,2,,18.73,928.63,
009,1026,822,1042,1214,33.4358,S,70.5218,W,0,0,2000,14,25,44,797.60,18.24,,
009,1021,793,1038,1222,33.4358,S,70.5218,W,28,7,2020,14,26,23,797.50,18.24,,
009,1030,810,1030,1226,33.4358,S,70.5218,W,28,7,2020,14,27,2,,18.24,,
009,1062,854,1014,1229,33.4358,S,70.5218,W,0,0,2000,14,30,44,795.40,17.94,,
009,1054,823,1051,1262,33.4358,S,70.5218,W,28,7,2020,14,31,23,795.40,17.94,,
009,1038,846,1070,1239,33.4358,S,70.5218,W,28,7,2020,14,32,2,,17.94,,
009,1047,830,931,1233,33.4358,S,70.5218,W,0,0,2000,14,35,44,794.30,18.00,928.73,
009,1044,810,1058,1238,33.4358,S,70.5218,W,28,7,2020,14,36,23,794.90,18.00,928.73,
009,1056,838,1007,1243,33.4358,S,70.5218,W,28,7,2020,14,37,2,,18.00,928.73,
009,997,814,1071,1268,33.4358,S,70.5218,W,0,0,2000,14,40,44,793.50,18.13,928.81,
009,1053,844,1084,1255,33.4358,S,70.5218,W,28,7,2020,14,41,23,793.50,18.13,928.81,
009,1042,842,1084,1271,33.4358,S,70.5218,W,28,7,2020,14,42,2,,18.13,928.81,
009,1070,837,1073,1272,33.4358,S,70.5218,W,0,0,2000,14,45,44,786.50,18.03,,
009,1055,832,1086,1274,33.4358,S,70.5218,W,28,7,2020,14,46,23,786.80,18.03,,
009,1056,802,1094,1273,33.4358,S,70.5218,W,28,7,2020,14,47,2,,18.03,,
009,1052,745,1096,1107,33.4359,S,70.5218,W,0,0,2000,14,50,44,779.20,18.65,928.88,
009,1059,847,1104,1080,33.4359,S,70.5218,W,28,7,2020,14,51,23,779.30,18.65,928.88,
009,951,854,1100,1261,33.4359,S,70.5218,W,28,7,2020,14,52,2,,18.65,928.88,
009,4,4,8,4,33.4359,S,70.5217,W,28,7,2020,14,57,19,777.90,20.06,928.87,725.39
009,0,0,0,0,33.4359,S,70.5217,W,28,7,2020,14,57,20,777.90,20.06,928.87,725.39
009,0,0,0,0,33.4359,S,70.5217,W,28,7,2020,14,57,21,778.00,20.06,928.87,725.39
009,1099,890,1166,1331,33.4358,S,70.5218,W,0,0,2000,15,0,44,791.70,19.42,928.87,
009,1119,887,1155,1336,33.4358,S,70.5218,W,28,7,2020,15,1,23,790.90,19.42,928.87,
009,1098,873,1161,1345,33.4358,S,70.5218,W,28,7,2020,15,2,2,,19.42,928.87,
009,1166,917,1176,1414,33.4358,S,70.5218,W,0,0,2000,15,5,44,790.70,20.06,928.82,
009,1175,910,1184,1404,33.4358,S,70.5218,W,28,7,2020,15,6,23,790.70,20.06,928.82,
009,1139,909,1206,1398,33.4358,S,70.5218,W,28,7,2020,15,7,2,,20.06,928.82,
009,1159,903,1171,1369,33.4358,S,70.5218,W,0,0,2000,15,10,44,791.80,21.23,,
009,1140,903,1174,1347,33.4358,S,70.5218,W,28,7,2020,15,11,23,791.80,21.23,,
009,1146,907,1179,1370,33.4358,S,70.5218,W,28,7,2020,15,12,2,,21.23,,
009,1172,918,1185,1385,33.4358,S,70.5218,W,0,0,2000,15,15,44,799.10,20.96,,
009,1161,923,1188,1371,33.4358,S,70.5218,W,28,7,2020,15,16,23,798.90,20.96,,
009,1164,918,1201,1373,33.4358,S,70.5218,W,28,7,2020,15,17,2,,20.96,,
009,1183,935,1140,1200,33.4358,S,70.5218,W,0,0,2000,15,20,44,796.60,20.17,,
009,1189,930,1168,1171,33.4358,S,70.5218,W,28,7,2020,15,21,23,796.70,20.17,,
009,1175,923,1207,1371,33.4358,S,70.5218,W,28,7,2020,15,22,2,,20.17,,
009,1196,941,1225,1425,33.4358,S,70.5218,W,0,0,2000,15,25,44,792.80,21.18,,
009,1184,937,1222,1435,33.4358,S,70.5218,W,28,7,2020,15,26,23,792.80,21.18,,
009,1183,937,1220,1423,33.4358,S,70.5218,W,28,7,2020,15,27,2,,21.18,,
009,1198,944,1227,1426,33.4358,S,70.5218,W,0,0,2000,15,30,44,798.00,22.31,,
009,1170,889,1211,1423,33.4358,S,70.5218,W,28,7,2020,15,31,23,797.80,22.31,,
009,1166,862,1216,1425,33.4358,S,70.5218,W,28,7,2020,15,32,2,,22.31,,
009,1210,960,1256,1460,33.4358,S,70.5218,W,0,0,2000,15,35,44,792.10,21.26,,
009,1214,958,1255,1463,33.4358,S,70.5218,W,28,7,2020,15,36,23,792.20,21.26,,
009,1205,960,1264,1462,33.4358,S,70.5218,W,28,7,2020,15,37,2,,21.26,,
009,1216,971,1270,1463,33.4358,S,70.5218,W,0,0,2000,15,40,44,795.50,22.42,,
009,1217,969,1270,1465,33.4358,S,70.5218,W,28,7,2020,15,41,23,795.50,22.42,,
009,1230,974,1276,1485,33.4358,S,70.5218,W,28,7,2020,15,42,2,,22.42,,
009,1208,960,1252,1455,33.4358,S,70.5218,W,0,0,2000,15,45,44,794.30,21.04,,
009,1194,936,1253,1447,33.4358,S,70.5218,W,28,7,2020,15,46,23,794.30,21.04,,
009,1218,959,1260,1453,33.4358,S,70.5218,W,28,7,2020,15,47,2,,21.04,,
009,4,5,8,4,33.4358,S,70.5218,W,28,7,2020,17,17,19,796.40,22.86,928.02,732.99
009,0,0,0,0,33.4358,S,70.5218,W,28,7,2020,17,17,20,796.40,22.86,928.02,732.99
009,0,0,0,0,33.4358,S,70.5218,W,28,7,2020,17,17,21,796.40,22.86,928.02,732.99
009,1145,910,1191,1338,33.4358,S,70.5217,W,0,0,2000,17,20,44,798.50,22.27,,
009,1144,914,1185,1389,33.4358,S,70.5217,W,28,7,2020,17,21,23,798.50,22.27,,
009,1166,921,1199,1394,33.4358,S,70.5218,W,28,7,2020,17,22,2,,22.27,,
009,1132,903,1175,1367,33.4358,S,70.5218,W,0,0,2000,17,25,44,800.50,23.55,,
009,1154,907,1190,1349,33.4358,S,70.5218,W,28,7,2020,17,26,23,800.50,23.55,,
009,1170,798,1181,1369,33.4358,S,70.5218,W,28,7,2020,17,27,2,,23.55,,
009,1110,886,1159,1339,33.4358,S,70.5218,W,0,0,2000,17,30,44,799.60,23.34,,
009,1117,898,1154,1327,33.4358,S,70.5218,W,28,7,2020,17,31,23,799.50,23.34,,
009,1108,868,1095,1324,33.4358,S,70.5218,W,28,7,2020,17,32,2,,23.34,,
009,1158,885,1207,1394,33.4358,S,70.5218,W,0,0,2000,17,35,44,803.00,23.29,,
009,1156,895,1198,1395,33.4358,S,70.5218,W,28,7,2020,17,36,23,803.00,23.29,,
009,1154,839,1189,1359,33.4358,S,70.5218,W,28,7,2020,17,37,2,,23.29,,
009,1085,867,1152,1341,33.4358,S,70.5218,W,0,0,2000,17,40,44,802.80,23.75,,
009,1015,832,1126,1332,33.4358,S,70.5218,W,28,7,2020,17,41,23,802.80,23.75,,
009,1117,870,1085,1353,33.4358,S,70.5218,W,28,7,2020,17,42,2,,23.75,,
009,1126,887,1158,1354,33.4358,S,70.5218,W,0,0,2000,17,45,44,802.60,23.56,,
009,1124,881,1152,1333,33.4358,S,70.5218,W,28,7,2020,17,46,23,802.70,23.56,,
009,1110,874,1149,1333,33.4358,S,70.5218,W,28,7,2020,17,47,2,,23.56,,
009,1092,887,1142,1279,33.4358,S,70.5218,W,0,0,2000,17,50,44,803.90,24.15,,
009,1094,870,1130,1316,33.4358,S,70.5218,W,28,7,2020,17,51,23,803.50,24.15,,
009,1095,854,1117,1342,33.4358,S,70.5218,W,28,7,2020,17,52,2,,24.15,,
009,1133,903,1164,1376,33.4358,S,70.5218,W,0,0,2000,17,55,44,801.20,25.99,,
009,1149,894,1170,1277,33.4358,S,70.5218,W,28,7,2020,17,56,23,801.70,25.99,,
009,1122,877,1157,1298,33.4358,S,70.5218,W,28,7,2020,17,57,2,,25.99,,
009,1061,851,1104,1275,33.4358,S,70.5218,W,0,0,2000,18,10,44,797.50,24.09,,
009,1064,830,1087,1191,33.4358,S,70.5218,W,28,7,2020,18,11,23,797.70,24.09,,
009,1023,804,1096,1178,33.4358,S,70.5218,W,28,7,2020,18,12,2,,24.09,,
009,1088,866,1128,1283,33.4358,S,70.5218,W,0,0,2000,18,15,44,797.20,22.85,,
009,1082,864,1121,1294,33.4358,S,70.5218,W,28,7,2020,18,16,23,797.30,22.85,,
009,1065,865,1107,1300,33.4358,S,70.5218,W,28,7,2020,18,17,2,,22.85,,
009,1018,814,1067,1243,33.4357,S,70.5218,W,0,0,2000,18,25,44,800.70,23.23,927.69,
009,998,805,1062,1233,33.4357,S,70.5218,W,28,7,2020,18,26,23,800.60,23.23,927.69,
009,1012,797,1034,1211,33.4357,S,70.5218,W,28,7,2020,18,27,2,,23.23,927.69,
009,997,790,1026,1181,33.4358,S,70.5218,W,0,0,2000,18,30,44,797.80,22.74,927.72,
009,992,775,1011,1171,33.4358,S,70.5218,W,28,7,2020,18,31,23,797.80,22.74,927.72,
009,974,781,1027,1170,33.4358,S,70.5218,W,28,7,2020,18,32,2,,22.74,927.72,
009,978,788,1014,1182,33.4358,S,70.5218,W,0,0,2000,18,35,44,800.10,22.43,927.73,
009,980,798,1013,1184,33.4358,S,70.5218,W,28,7,2020,18,36,23,800.10,22.43,927.73,
009,972,782,988,1169,33.4358,S,70.5218,W,28,7,2020,18,37,2,,22.43,927.73,
009,937,751,982,1129,33.4358,S,70.5218,W,0,0,2000,18,40,44,800.80,22.55,927.72,
009,934,739,965,1128,33.4358,S,70.5218,W,28,7,2020,18,41,23,800.90,22.55,927.72,
009,940,750,978,1130,33.4358,S,70.5218,W,28,7,2020,18,42,2,,22.55,927.72,
009,870,722,935,1100,33.4358,S,70.5218,W,0,0,2000,18,45,44,803.10,21.91,927.74,
009,907,723,927,1096,33.4358,S,70.5218,W,28,7,2020,18,46,23,803.00,21.91,927.74,
009,896,715,928,1078,33.4358,S,70.5218,W,28,7,2020,18,47,2,,21.91,927.74,
009,870,686,902,1048,33.4358,S,70.5218,W,0,0,2000,18,50,44,801.70,21.73,927.68,
009,880,692,901,1028,33.4358,S,70.5218,W,28,7,2020,18,51,23,802.10,21.73,927.68,
009,879,688,911,1052,33.4358,S,70.5218,W,28,7,2020,18,52,2,,21.73,927.68,
009,4,5,8,4,33.4358,S,70.5218,W,28,7,2020,18,57,19,795.10,23.03,927.58,736.91
009,0,0,0,0,33.4358,S,70.5218,W,28,7,2020,18,57,20,795.10,23.03,927.58,736.91
009,0,0,0,0,33.4358,S,70.5218,W,28,7,2020,18,57,21,795.10,23.03,927.58,736.91
009,857,680,880,1042,33.4358,S,70.5218,W,0,0,2000,19,0,44,800.80,23.20,927.68,736.08
009,859,687,860,1042,33.4358,S,70.5218,W,28,7,2020,19,1,23,797.00,23.20,927.68,736.08
009,851,646,860,988,33.4358,S,70.5218,W,28,7,2020,19,2,2,,23.20,927.68,736.08
009,806,658,832,978,33.4358,S,70.5217,W,0,0,2000,19,5,44,796.70,22.61,927.66,736.22
009,809,639,822,970,33.4358,S,70.5217,W,28,7,2020,19,6,23,796.50,22.61,927.66,736.22
009,802,631,823,966,33.4358,S,70.5218,W,28,7,2020,19,7,2,,22.61,927.66,736.22
009,815,642,830,953,33.4358,S,70.5218,W,0,0,2000,19,10,44,808.10,22.61,927.66,736.19
009,812,663,834,942,33.4358,S,70.5218,W,28,7,2020,19,11,23,807.90,22.61,927.66,736.19
009,820,631,828,967,33.4358,S,70.5218,W,28,7,2020,19,12,2,,22.61,927.66,736.19
009,4,5,8,4,33.4358,S,70.5218,W,28,7,2020,19,17,19,802.10,22.41,927.56,737.12
009,0,0,0,0,33.4358,S,70.5218,W,28,7,2020,19,17,20,802.10,22.41,927.56,737.12
009,0,0,0,0,33.4358,S,70.5218,W,28,7,2020,19,17,21,802.10,22.41,927.56,737.12
009,721,581,741,884,33.4358,S,70.5218,W,0,0,2000,19,25,44,793.50,22.62,927.63,736.47
009,711,566,731,870,33.4358,S,70.5218,W,28,7,2020,19,26,23,794.90,22.62,927.63,736.47
009,710,567,721,827,33.4358,S,70.5218,W,28,7,2020,19,27,2,,22.62,927.63,736.47
009,678,529,682,801,33.4358,S,70.5218,W,0,0,2000,19,30,44,798.20,22.75,927.70,735.83
009,670,512,665,796,33.4358,S,70.5218,W,28,7,2020,19,31,23,798.20,22.75,927.70,735.83
009,669,508,674,787,33.4358,S,70.5218,W,28,7,2020,19,32,2,,22.75,927.70,735.83
009,647,529,654,788,33.4358,S,70.5218,W,0,0,2000,19,35,44,807.70,22.42,927.66,736.19
009,676,505,606,775,33.4358,S,70.5218,W,28,7,2020,19,36,23,807.60,22.42,927.66,736.19
009,647,511,639,767,33.4358,S,70.5218,W,28,7,2020,19,37,2,,22.42,927.66,736.19
009,526,436,613,708,33.4358,S,70.5218,W,0,0,2000,19,40,44,800.20,22.62,927.75,735.45
009,549,450,591,710,33.4358,S,70.5218,W,28,7,2020,19,41,23,800.90,22.62,927.75,735.45
009,590,470,597,705,33.4358,S,70.5218,W,28,7,2020,19,42,2,,22.62,927.75,735.45
009,550,446,576,698,33.4358,S,70.5218,W,0,0,2000,19,45,44,798.50,22.67,927.73,735.60
009,558,453,574,672,33.4358,S,70.5218,W,28,7,2020,19,46,23,798.60,22.67,927.73,735.60
009,556,432,556,658,33.4358,S,70.5218,W,28,7,2020,19,47,2,,22.67,927.73,735.60
009,5,5,9,4,33.4358,S,70.5217,W,28,7,2020,19,52,19,796.90,23.34,927.67,736.13
009,0,0,0,0,33.4358,S,70.5217,W,28,7,2020,19,52,20,796.90,23.34,927.67,736.13
009,0,0,0,0,33.4358,S,70.5217,W,28,7,2020,19,52,21,796.90,23.34,927.67,736.13
009,11,10,11,11,33.4358,S,70.5217,W,29,7,2020,12,21,48,794.50,4.37,925.27,757.59
009,7,6,8,5,33.4358,S,70.5217,W,29,7,2020,12,22,19,794.30,4.37,925.27,757.59
009,0,0,0,0,33.4358,S,70.5217,W,29,7,2020,12,22,20,794.30,4.37,925.27,757.59
009,9,6,7,7,33.4358,S,70.5217,W,0,0,2000,12,25,44,788.60,4.60,925.17,758.53
009,7,7,14,8,33.4358,S,70.5217,W,29,7,2020,12,26,23,788.70,4.60,925.17,758.53
009,10,11,9,9,33.4358,S,70.5217,W,29,7,2020,12,27,2,,4.60,925.17,758.53
009,12,13,11,11,33.4358,S,70.5217,W,29,7,2020,12,31,13,791.40,4.70,925.17,758.55
009,7,6,6,5,33.4358,S,70.5217,W,29,7,2020,12,31,52,791.30,4.70,925.17,758.55
009,11,12,13,9,33.4358,S,70.5217,W,29,7,2020,12,32,19,,4.70,925.17,758.55
009,10,11,14,10,33.4358,S,70.5218,W,0,0,2000,12,35,44,793.50,4.75,925.20,758.20
009,10,10,10,10,33.4358,S,70.5218,W,29,7,2020,12,36,23,793.40,4.75,925.20,758.20
009,11,13,10,10,33.4358,S,70.5218,W,29,7,2020,12,37,2,,4.75,925.20,758.20
009,12,12,10,10,33.4358,S,70.5217,W,0,0,2000,12,40,44,790.70,4.90,925.34,756.97
009,8,6,8,8,33.4358,S,70.5217,W,29,7,2020,12,41,23,790.70,4.90,925.34,756.97
009,6,6,10,5,33.4358,S,70.5217,W,29,7,2020,12,42,2,790.90,4.90,925.34,756.97
009,256,204,231,266,33.4358,S,70.5218,W,0,0,2000,12,45,44,790.50,5.49,925.35,756.89
009,261,217,242,262,33.4358,S,70.5218,W,29,7,2020,12,46,23,790.50,5.49,925.35,756.89
009,257,195,226,253,33.4358,S,70.5218,W,29,7,2020,12,47,2,,5.49,925.35,756.89
009,143,204,126,183,33.4358,S,70.5218,W,0,0,2000,12,50,44,788.80,6.42,925.41,756.37
009,191,182,160,222,33.4358,S,70.5218,W,29,7,2020,12,51,23,788.80,6.42,925.41,756.37
009,226,186,219,259,33.4358,S,70.5218,W,29,7,2020,12,52,2,,6.42,925.41,756.37
009,544,457,493,644,33.4358,S,70.5218,W,0,0,2000,12,55,44,793.40,8.36,925.35,756.91
009,555,462,550,662,33.4358,S,70.5218,W,29,7,2020,12,56,23,793.30,8.36,925.35,756.91
009,550,426,535,674,33.4358,S,70.5218,W,29,7,2020,12,57,2,,8.36,925.35,756.91
009,614,486,554,704,33.4358,S,70.5218,W,0,0,2000,13,0,44,793.00,10.68,925.39,756.56
009,630,503,598,715,33.4358,S,70.5218,W,29,7,2020,13,1,23,793.50,10.68,925.39,756.56
009,622,487,580,714,33.4358,S,70.5218,W,29,7,2020,13,2,2,,10.68,925.39,756.56
009,678,534,617,764,33.4358,S,70.5218,W,0,0,2000,13,5,44,789.30,12.83,925.37,756.72
009,678,543,653,781,33.4358,S,70.5218,W,29,7,2020,13,6,23,789.30,12.83,925.37,756.72
009,690,540,611,706,33.4358,S,70.5218,W,29,7,2020,13,7,2,,12.83,925.37,756.72
009,724,580,718,868,33.4358,S,70.5218,W,0,0,2000,13,10,44,798.60,14.10,925.32,757.13
009,726,582,696,856,33.4358,S,70.5218,W,29,7,2020,13,11,23,798.50,14.10,925.32,757.13
009,722,563,710,836,33.4358,S,70.5218,W,29,7,2020,13,12,2,,14.10,925.32,757.13
009,768,628,758,898,33.4358,S,70.5218,W,0,0,2000,13,15,44,794.10,14.96,925.26,757.66
009,764,611,756,919,33.4358,S,70.5218,W,29,7,2020,13,16,23,794.40,14.96,925.26,757.66
009,789,622,769,915,33.4358,S,70.5218,W,29,7,2020,13,17,2,,14.96,925.26,757.66
009,825,652,729,978,33.4358,S,70.5218,W,0,0,2000,13,20,44,792.90,16.18,925.27,757.59
009,827,657,816,986,33.4358,S,70.5218,W,29,7,2020,13,21,23,793.00,16.18,925.27,757.59
009,838,658,822,994,33.4358,S,70.5218,W,29,7,2020,13,22,2,,16.18,925.27,757.59
009,832,651,836,1018,33.4358,S,70.5218,W,0,0,2000,13,25,44,790.80,17.80,925.41,
009,880,663,857,1026,33.4358,S,70.5218,W,29,7,2020,13,26,23,790.80,17.80,925.41,
009,729,569,873,1045,33.4358,S,70.5218,W,29,7,2020,13,27,2,,17.80,925.41,
009,889,692,895,1061,33.4358,S,70.5218,W,0,0,2000,13,30,44,790.00,18.19,925.35,
009,880,702,893,1059,33.4358,S,70.5218,W,29,7,2020,13,31,23,790.10,18.19,925.35,
009,903,733,894,1077,33.4358,S,70.5218,W,29,7,2020,13,32,2,,18.19,925.35,
009,906,719,914,1091,33.4358,S,70.5218,W,0,0,2000,13,35,44,795.10,18.91,925.45,
009,927,734,922,1101,33.4358,S,70.5218,W,29,7,2020,13,36,23,795.20,18.91,925.45,
009,935,754,915,1119,33.4358,S,70.5218,W,29,7,2020,13,37,2,,18.91,925.45,
009,954,760,959,1139,33.4358,S,70.5218,W,0,0,2000,13,40,44,795.80,19.96,925.53,
009,956,748,963,1146,33.4358,S,70.5218,W,29,7,2020,13,41,23,795.80,19.96,925.53,
009,957,757,976,1165,33.4358,S,70.5218,W,29,7,2020,13,42,2,,19.96,925.53,
009,1018,797,1026,1223,33.4359,S,70.5219,W,0,0,2000,13,50,44,803.10,22.07,,
009,1001,805,1038,1233,33.4359,S,70.5219,W,29,7,2020,13,51,23,802.80,22.07,,
009,1015,812,1039,1234,33.4359,S,70.5219,W,29,7,2020,13,52,2,,22.07,,
009,1052,832,1060,1280,33.4358,S,70.5218,W,0,0,2000,13,55,44,800.80,23.57,,
009,1067,866,1058,1260,33.4358,S,70.5218,W,29,7,2020,13,56,23,800.80,23.57,,
009,1067,847,1075,1246,33.4358,S,70.5218,W,29,7,2020,13,57,2,,23.57,,
009,1095,862,1104,1313,33.4358,S,70.5218,W,0,0,2000,14,0,44,798.80,24.94,925.58,
009,1099,866,1107,1314,33.4358,S,70.5218,W,29,7,2020,14,1,23,798.80,24.94,925.58,
009,1089,831,1111,1313,33.4359,S,70.5218,W,29,7,2020,14,2,2,,24.94,925.58,
009,1119,897,1125,1335,33.4359,S,70.5218,W,0,0,2000,14,5,44,795.00,25.77,925.60,
009,1133,891,1135,1343,33.4359,S,70.5218,W,29,7,2020,14,6,23,795.10,25.77,925.60,
009,1141,899,1147,1326,33.4359,S,70.5218,W,29,7,2020,14,7,2,,25.77,925.60,
009,5,5,7,5,33.4358,S,70.5218,W,29,7,2020,14,12,19,793.60,25.84,925.59,754.71
009,0,0,0,0,33.4358,S,70.5218,W,29,7,2020,14,12,20,793.60,25.84,925.59,754.71
009,0,0,0,0,33.4358,S,70.5218,W,29,7,2020,14,12,21,793.60,25.84,925.59,754.71
009,1156,914,1182,1394,33.4359,S,70.5218,W,0,0,2000,14,15,44,797.70,26.19,,
009,1165,916,1189,1388,33.4359,S,70.5218,W,29,7,2020,14,16,23,797.60,26.19,,
009,1169,912,1195,1396,33.4359,S,70.5218,W,29,7,2020,14,17,2,,26.19,,
009,1187,938,1199,1423,33.4358,S,70.5218,W,0,0,2000,14,20,44,799.30,27.02,,
009,1186,958,1221,1419,33.4358,S,70.5218,W,29,7,2020,14,21,23,799.00,27.02,,
009,1199,945,1226,1429,33.4358,S,70.5218,W,29,7,2020,14,22,2,,27.02,,
009,1197,943,1224,1416,33.4359,S,70.5218,W,0,0,2000,14,25,44,800.20,26.48,,
009,1191,945,1231,1356,33.4359,S,70.5218,W,29,7,2020,14,26,23,800.10,26.48,,
009,1192,933,1227,1445,33.4359,S,70.5218,W,29,7,2020,14,27,2,,26.48,,
009,1211,958,1240,1446,33.4358,S,70.5219,W,0,0,2000,14,30,44,799.90,25.86,,
009,1215,964,1261,1395,33.4358,S,70.5218,W,29,7,2020,14,31,23,799.90,25.86,,
009,1234,972,1256,1474,33.4358,S,70.5218,W,29,7,2020,14,32,2,,25.86,,
009,796,631,794,958,33.4358,S,70.5217,W,0,0,2000,19,50,44,792.80,27.19,923.55,773.07
009,788,624,802,964,33.4358,S,70.5217,W,29,7,2020,19,51,23,792.80,27.19,923.55,773.07
009,807,623,808,953,33.4358,S,70.5217,W,29,7,2020,19,52,2,,27.19,923.55,773.07
009,764,585,768,917,33.4358,S,70.5217,W,0,0,2000,19,55,44,795.20,26.76,923.45,773.95
009,770,590,760,933,33.4358,S,70.5217,W,29,7,2020,19,56,23,795.20,26.76,923.45,773.95
009,759,580,766,910,33.4358,S,70.5217,W,29,7,2020,19,57,2,,26.76,923.45,773.95
009,709,567,698,863,33.4357,S,70.5218,W,0,0,2000,20,0,44,796.40,26.50,923.43,774.15
009,698,554,702,835,33.4358,S,70.5218,W,29,7,2020,20,1,23,796.20,26.50,923.43,774.15
009,684,544,682,830,33.4358,S,70.5218,W,29,7,2020,20,2,2,,26.50,923.43,774.15
009,677,539,679,822,33.4358,S,70.5217,W,0,0,2000,20,5,44,798.20,26.68,923.44,774.03
009,667,538,673,807,33.4358,S,70.5217,W,29,7,2020,20,6,23,798.70,26.68,923.44,774.03
009,653,532,666,794,33.4358,S,70.5217,W,29,7,2020,20,7,2,,26.68,923.44,774.03
009,629,499,628,755,33.4358,S,70.5218,W,0,0,2000,20,10,44,798.00,26.12,923.41,774.32
009,620,496,632,748,33.4358,S,70.5218,W,29,7,2020,20,11,23,798.00,26.12,923.41,774.32
009,618,493,616,743,33.4358,S,70.5218,W,29,7,2020,20,12,2,,26.12,923.41,774.32
009,563,462,574,677,33.4357,S,70.5218,W,0,0,2000,20,15,44,804.70,25.22,923.44,774.00
009,536,447,566,674,33.4357,S,70.5218,W,29,7,2020,20,16,23,804.60,25.22,923.44,774.00
009,531,440,566,661,33.4357,S,70.5218,W,29,7,2020,20,17,2,,25.22,923.44,774.00
009,470,408,529,577,33.4357,S,70.5218,W,0,0,2000,20,20,44,807.00,24.86,923.43,774.13
009,445,408,522,586,33.4357,S,70.5218,W,29,7,2020,20,21,23,806.50,24.86,923.43,774.13
009,440,403,512,574,33.4357,S,70.5218,W,29,7,2020,20,22,2,,24.86,923.43,774.13
009,484,375,487,580,33.4358,S,70.5218,W,0,0,2000,20,25,44,804.70,25.23,923.39,774.45
009,474,366,466,555,33.4358,S,70.5218,W,29,7,2020,20,26,23,805.20,25.23,923.39,774.45
009,470,371,470,559,33.4358,S,70.5218,W,29,7,2020,20,27,2,,25.23,923.39,774.45
009,436,368,428,519,33.4357,S,70.5218,W,0,0,2000,20,30,44,802.50,26.07,923.37,774.66
009,434,359,421,514,33.4357,S,70.5218,W,29,7,2020,20,31,23,803.10,26.07,923.37,774.66
009,413,340,412,500,33.4357,S,70.5218,W,29,7,2020,20,32,2,,26.07,923.37,774.66
009,403,318,366,466,33.4358,S,70.5218,W,0,0,2000,20,35,44,798.90,25.01,923.36,774.78
009,391,311,362,445,33.4358,S,70.5218,W,29,7,2020,20,36,23,799.00,25.01,923.36,774.78
009,367,296,344,416,33.4358,S,70.5218,W,29,7,2020,20,37,2,,25.01,923.36,774.78
009,5,5,8,4,33.4358,S,70.5218,W,29,7,2020,20,47,19,796.70,24.97,923.24,775.83
009,0,0,0,0,33.4358,S,70.5218,W,29,7,2020,20,47,20,796.70,24.97,923.24,775.83
009,0,0,0,0,33.4358,S,70.5218,W,29,7,2020,20,47,21,796.70,24.97,923.24,775.83
009,300,236,258,322,33.4358,S,70.5218,W,0,0,2000,20,50,44,796.20,25.09,923.27,775.51
009,278,228,254,311,33.4358,S,70.5218,W,29,7,2020,20,51,23,796.20,25.09,923.27,775.51
009,265,224,242,308,33.4358,S,70.5218,W,29,7,2020,20,52,2,,25.09,923.27,775.51
009,247,191,225,291,33.4358,S,70.5218,W,0,0,2000,20,55,44,792.90,24.45,923.31,775.23
009,224,174,228,282,33.4358,S,70.5218,W,29,7,2020,20,56,23,792.90,24.45,923.31,775.23
009,232,190,222,268,33.4358,S,70.5218,W,29,7,2020,20,57,2,,24.45,923.31,775.23
009,192,180,181,225,33.4358,S,70.5217,W,0,0,2000,21,0,44,792.60,24.52,923.29,775.41
009,183,166,172,222,33.4358,S,70.5218,W,29,7,2020,21,1,23,792.60,24.52,923.29,775.41
009,175,145,166,215,33.4358,S,70.5218,W,29,7,2020,21,2,2,,24.52,923.29,775.41
009,12,12,12,11,33.4358,S,70.5218,W,0,0,2000,12,25,44,791.60,4.98,927.83,734.71
009,11,11,11,10,33.4358,S,70.5218,W,30,7,2020,12,26,23,791.70,4.98,927.83,734.71
009,8,9,8,8,33.4358,S,70.5218,W,30,7,2020,12,27,2,,4.98,927.83,734.71
009,9,9,9,8,33.4358,S,70.5217,W,0,0,2000,12,30,44,792.50,5.20,927.87,734.36
009,8,8,8,7,33.4358,S,70.5217,W,30,7,2020,12,31,23,792.50,5.20,927.87,734.36
009,12,13,13,11,33.4358,S,70.5218,W,30,7,2020,12,32,2,,5.20,927.87,734.36
009,7,6,8,5,33.4358,S,70.5218,W,0,0,2000,12,35,44,794.30,5.46,928.12,732.11
009,11,11,12,11,33.4358,S,70.5218,W,30,7,2020,12,36,23,794.10,5.46,928.12,732.11
009,10,11,12,11,33.4358,S,70.5218,W,30,7,2020,12,37,2,,5.46,928.12,732.11
009,12,11,13,11,33.4358,S,70.5217,W,0,0,2000,12,40,44,787.70,6.15,928.19,731.45
009,10,12,10,8,33.4358,S,70.5217,W,30,7,2020,12,41,23,787.80,6.15,928.19,731.45
009,12,11,12,11,33.4358,S,70.5217,W,30,7,2020,12,42,2,,6.15,928.19,731.45
009,7,7,7,6,33.4358,S,70.5217,W,0,0,2000,12,50,44,802.10,7.22,928.28,730.69
009,12,13,13,12,33.4358,S,70.5217,W,30,7,2020,12,51,23,796.40,7.22,928.28,730.69
009,10,10,10,9,33.4358,S,70.5217,W,30,7,2020,12,52,2,,7.22,928.28,730.69
009,154,194,132,172,33.4358,S,70.5218,W,0,0,2000,12,55,44,791.80,7.93,928.32,730.28
009,188,206,142,144,33.4358,S,70.5218,W,30,7,2020,12,56,23,791.90,7.93,928.32,730.28
009,71,51,73,100,33.4358,S,70.5218,W,30,7,2020,12,57,2,,7.93,928.32,730.28
009,132,58,104,108,33.4358,S,70.5218,W,0,0,2000,13,0,44,786.50,9.15,928.10,732.32
009,15,9,21,15,33.4358,S,70.5218,W,30,7,2020,13,1,23,786.60,9.15,928.10,732.32
009,102,33,104,96,33.4358,S,70.5218,W,30,7,2020,13,2,2,,9.15,928.10,732.32
009,4,4,7,4,33.4358,S,70.5218,W,30,7,2020,13,7,19,790.30,9.25,927.94,733.74
009,0,0,0,0,33.4358,S,70.5218,W,30,7,2020,13,7,20,790.30,9.25,927.94,733.74
009,0,0,0,0,33.4358,S,70.5218,W,30,7,2020,13,7,21,790.30,9.25,927.94,733.74
009,151,174,124,124,33.4358,S,70.5218,W,0,0,2000,13,10,44,793.90,10.48,927.88,734.25
009,26,16,27,25,33.4358,S,70.5218,W,30,7,2020,13,11,23,793.90,10.48,927.88,734.25
009,36,25,50,46,33.4358,S,70.5218,W,30,7,2020,13,12,2,,10.48,927.88,734.25
009,310,247,360,372,33.4358,S,70.5218,W,0,0,2000,13,20,44,796.80,12.75,927.82,734.78
009,388,279,374,463,33.4358,S,70.5218,W,30,7,2020,13,21,23,796.80,12.75,927.82,734.78
009,384,277,359,348,33.4358,S,70.5218,W,30,7,2020,13,22,2,,12.75,927.82,734.78
009,353,284,334,412,33.4359,S,70.5218,W,0,0,2000,13,25,44,791.90,15.08,927.87,734.31
009,403,303,389,449,33.4359,S,70.5218,W,30,7,2020,13,26,23,792.00,15.08,927.87,734.31
009,300,239,295,331,33.4359,S,70.5218,W,30,7,2020,13,27,2,,15.08,927.87,734.31
009,671,527,649,816,33.4358,S,70.5218,W,0,0,2000,13,30,44,790.50,14.12,927.81,734.90
009,565,438,536,633,33.4358,S,70.5218,W,30,7,2020,13,31,23,791.30,14.12,927.81,734.90
009,460,408,524,608,33.4358,S,70.5218,W,30,7,2020,13,32,2,,14.12,927.81,734.90
009,396,326,407,473,33.4358,S,70.5218,W,0,0,2000,13,40,44,796.60,13.63,927.99,733.31
009,350,272,347,415,33.4358,S,70.5218,W,30,7,2020,13,41,23,796.80,13.63,927.99,733.31
009,391,299,381,426,33.4358,S,70.5218,W,30,7,2020,13,42,2,,13.63,927.99,733.31
009,4,4,7,4,33.4359,S,70.5218,W,30,7,2020,14,2,19,796.30,16.90,928.21,731.29
009,0,0,0,0,33.4359,S,70.5218,W,30,7,2020,14,2,20,796.30,16.90,928.21,731.29
009,0,0,0,0,33.4359,S,70.5218,W,30,7,2020,14,2,21,796.30,16.90,928.21,731.29
009,678,546,671,806,33.4359,S,70.5218,W,0,0,2000,14,5,44,795.30,15.72,928.33,730.21
009,646,480,621,714,33.4359,S,70.5218,W,30,7,2020,14,6,23,795.60,15.72,928.33,730.21
009,230,189,235,266,33.4359,S,70.5218,W,30,7,2020,14,7,2,,15.72,928.33,730.21
009,281,224,272,248,33.4359,S,70.5218,W,0,0,2000,14,10,44,796.20,14.52,928.42,729.44
009,219,186,169,197,33.4359,S,70.5218,W,30,7,2020,14,11,23,796.70,14.52,928.42,729.44
009,327,303,401,429,33.4359,S,70.5218,W,30,7,2020,14,12,2,,14.52,928.42,729.44
009,425,333,441,468,33.4358,S,70.5218,W,0,0,2000,14,15,44,799.10,13.84,928.62,727.66
009,337,258,339,388,33.4358,S,70.5218,W,30,7,2020,14,16,23,798.30,13.84,928.62,727.66
009,344,249,332,396,33.4358,S,70.5218,W,30,7,2020,14,17,2,,13.84,928.62,727.66
009,748,615,786,932,33.4359,S,70.5218,W,0,0,2000,14,20,44,793.80,14.22,928.79,726.16
009,713,576,744,882,33.4359,S,70.5218,W,30,7,2020,14,21,23,793.80,14.22,928.79,726.16
009,272,197,262,286,33.4359,S,70.5218,W,30,7,2020,14,22,2,,14.22,928.79,726.16
009,666,527,696,771,33.4358,S,70.5218,W,0,0,2000,14,30,44,788.20,14.29,928.91,725.02
009,647,535,756,859,33.4358,S,70.5218,W,30,7,2020,14,31,23,789.30,14.29,928.91,725.02
009,561,444,603,674,33.4358,S,70.5218,W,30,7,2020,14,32,2,,14.29,928.91,725.02
009,723,567,745,865,33.4359,S,70.5218,W,0,0,2000,14,35,44,785.70,14.06,929.20,722.47
009,711,561,736,849,33.4359,S,70.5218,W,30,7,2020,14,36,23,785.80,14.06,929.20,722.47
009,521,384,524,631,33.4359,S,70.5218,W,30,7,2020,14,37,2,,14.06,929.20,722.47
009,695,554,686,703,33.4358,S,70.5218,W,0,0,2000,14,40,44,789.60,13.38,929.28,721.73
009,710,557,742,860,33.4358,S,70.5218,W,30,7,2020,14,41,23,789.60,13.38,929.28,721.73
009,770,578,756,886,33.4358,S,70.5218,W,30,7,2020,14,42,2,,13.38,929.28,721.73
009,786,625,841,920,33.4358,S,70.5218,W,0,0,2000,14,45,44,787.40,14.11,929.16,722.78
009,771,636,832,962,33.4358,S,70.5218,W,30,7,2020,14,46,23,787.40,14.11,929.16,722.78
009,826,643,844,998,33.4358,S,70.5218,W,30,7,2020,14,47,2,,14.11,929.16,722.78
009,4,4,8,4,33.4358,S,70.5218,W,30,7,2020,14,52,19,787.20,14.84,928.93,724.83
009,0,0,0,0,33.4358,S,70.5218,W,30,7,2020,14,52,20,787.20,14.84,928.93,724.83
009,0,0,0,0,33.4358,S,70.5218,W,30,7,2020,14,52,21,787.30,14.84,928.93,724.83
009,4,4,8,4,33.4358,S,70.5218,W,30,7,2020,15,2,19,794.20,15.22,928.95,724.72
009,0,0,0,0,33.4358,S,70.5218,W,30,7,2020,15,2,20,794.20,15.22,928.95,724.72
009,0,0,0,0,33.4358,S,70.5218,W,30,7,2020,15,2,21,794.20,15.22,928.95,724.72
009,932,784,986,1123,33.4358,S,70.5218,W,0,0,2000,15,5,44,797.80,16.81,928.95,
009,1001,769,1028,1176,33.4358,S,70.5218,W,30,7,2020,15,6,23,797.80,16.81,928.95,
009,960,785,1015,1183,33.4358,S,70.5218,W,30,7,2020,15,7,2,,16.81,928.95,
009,994,779,1008,1180,33.4358,S,70.5218,W,0,0,2000,15,10,44,792.50,17.43,928.86,
009,983,786,1011,1152,33.4358,S,70.5218,W,30,7,2020,15,11,23,792.60,17.43,928.86,
009,969,782,999,1174,33.4358,S,70.5218,W,30,7,2020,15,12,2,,17.43,928.86,
009,983,790,1100,1281,33.4358,S,70.5218,W,0,0,2000,15,15,44,793.10,18.32,928.78,
009,1057,837,1100,1264,33.4358,S,70.5218,W,30,7,2020,15,16,23,793.10,18.32,928.78,
009,993,809,1084,1262,33.4358,S,70.5218,W,30,7,2020,15,17,2,,18.32,928.78,
009,891,731,980,1078,33.4358,S,70.5218,W,0,0,2000,15,20,44,797.60,19.56,928.68,
009,1070,842,1105,1284,33.4358,S,70.5218,W,30,7,2020,15,21,23,795.90,19.56,928.68,
009,1094,855,1117,1305,33.4358,S,70.5218,W,30,7,2020,15,22,2,,19.56,928.68,
009,1041,871,1120,1309,33.4358,S,70.5218,W,0,0,2000,15,25,44,796.90,20.90,,
009,1120,892,1150,1342,33.4358,S,70.5218,W,30,7,2020,15,26,23,796.90,20.90,,
009,1079,866,1132,1326,33.4358,S,70.5218,W,30,7,2020,15,27,2,,20.90,,
009,1111,893,1178,1368,33.4358,S,70.5218,W,30,7,2020,15,30,44,795.00,20.26,,
009,1106,878,1148,1339,33.4358,S,70.5218,W,30,7,2020,15,31,23,795.00,20.26,,
009,1114,877,1160,1322,33.4358,S,70.5218,W,30,7,2020,15,32,2,,20.26,,
009,1076,902,1160,1350,33.4358,S,70.5218,W,0,0,2000,15,35,44,797.50,20.16,928.34,
009,983,777,1013,1195,33.4358,S,70.5218,W,30,7,2020,15,36,23,797.70,20.16,928.34,
009,812,600,809,916,33.4358,S,70.5218,W,30,7,2020,15,37,2,,20.16,928.34,
009,1070,834,1028,1275,33.4358,S,70.5218,W,0,0,2000,15,40,44,794.20,18.59,,
009,1097,857,1084,1288,33.4358,S,70.5218,W,30,7,2020,15,41,23,794.30,18.59,,
009,1087,846,1115,1231,33.4358,S,70.5218,W,30,7,2020,15,42,2,,18.59,,
009,4,5,8,4,33.4357,S,70.5218,W,30,7,2020,15,52,19,793.20,19.73,928.17,731.65
009,0,0,0,0,33.4357,S,70.5218,W,30,7,2020,15,52,20,793.20,19.73,928.17,731.65
009,0,0,0,0,33.4357,S,70.5218,W,30,7,2020,15,52,21,793.20,19.73,928.17,731.65
009,116,82,102,111,33.4358,S,70.5218,W,0,0,2000,15,55,44,789.70,18.90,927.95,733.63
009,136,120,110,126,33.4358,S,70.5218,W,30,7,2020,15,56,23,789.70,18.90,927.95,733.63
009,108,64,98,111,33.4358,S,70.5218,W,30,7,2020,15,57,2,,18.90,927.95,733.63
009,4,4,7,4,33.4358,S,70.5218,W,30,7,2020,16,2,19,792.80,18.44,927.63,736.48
009,0,0,0,0,33.4358,S,70.5218,W,30,7,2020,16,2,20,792.80,18.44,927.63,736.48
009,0,0,0,0,33.4358,S,70.5218,W,30,7,2020,16,2,21,792.80,18.44,927.63,736.48
009,274,209,280,318,33.4358,S,70.5218,W,30,7,2020,16,5,44,796.70,18.80,927.38,738.77
009,292,217,276,326,33.4358,S,70.5218,W,30,7,2020,16,6,23,796.70,18.80,927.38,738.77
009,309,230,303,356,33.4358,S,70.5218,W,30,7,2020,16,7,2,,18.80,927.38,738.77
009,129,50,106,120,33.4357,S,70.5218,W,30,7,2020,16,10,44,786.00,19.31,927.41,738.43
009,119,138,113,122,33.4357,S,70.5218,W,30,7,2020,16,11,23,789.20,19.31,927.41,738.43
009,193,147,192,198,33.4357,S,70.5218,W,30,7,2020,16,12,2,,19.31,927.41,738.43
009,10,11,11,9,33.4358,S,70.5218,W,0,0,2000,16,15,44,797.50,18.44,927.47,737.88
009,11,13,11,10,33.4358,S,70.5218,W,30,7,2020,16,16,23,797.00,18.44,927.47,737.88
009,14,13,11,11,33.4358,S,70.5218,W,30,7,2020,16,17,2,,18.44,927.47,737.88
009,26,19,33,26,33.4358,S,70.5218,W,30,7,2020,16,25,44,796.00,16.28,927.91,734.03
009,36,21,40,36,33.4358,S,70.5218,W,30,7,2020,16,26,23,795.90,16.28,927.91,734.03
009,27,18,27,27,33.4358,S,70.5218,W,30,7,2020,16,27,2,,16.28,927.91,734.03
009,11,11,13,11,33.4358,S,70.5218,W,30,7,2020,16,30,44,794.70,15.95,927.99,733.26
009,15,16,15,14,33.4358,S,70.5218,W,30,7,2020,16,31,23,796.50,15.95,927.99,733.26
009,15,15,13,13,33.4358,S,70.5218,W,30,7,2020,16,32,2,,15.95,927.99,733.26
009,4,4,7,4,33.4358,S,70.5218,W,30,7,2020,16,37,19,797.60,16.10,928.02,732.97
009,0,0,0,0,33.4358,S,70.5218,W,30,7,2020,16,37,20,797.60,16.10,928.02,732.97
009,0,0,0,0,33.4358,S,70.5218,W,30,7,2020,16,37,21,797.60,16.10,928.02,732.97
009,29,23,57,35,33.4358,S,70.5218,W,30,7,2020,16,40,44,797.60,16.33,927.98,733.34
009,125,104,116,132,33.4358,S,70.5218,W,30,7,2020,16,41,23,797.50,16.33,927.98,733.34
009,96,54,118,94,33.4358,S,70.5218,W,30,7,2020,16,42,2,,16.33,927.98,733.34
009,71,49,80,84,33.4358,S,70.5218,W,0,0,2000,16,45,44,787.90,16.68,927.91,733.95
009,226,176,244,278,33.4358,S,70.5218,W,30,7,2020,16,46,23,790.30,16.68,927.91,733.95
009,223,182,286,310,33.4358,S,70.5218,W,30,7,2020,16,47,2,,16.68,927.91,733.95
009,132,87,124,130,33.4358,S,70.5218,W,0,0,2000,16,50,44,790.60,16.91,927.86,734.40
009,134,106,116,132,33.4358,S,70.5218,W,30,7,2020,16,51,23,790.40,16.91,927.86,734.40
009,72,60,101,132,33.4358,S,70.5218,W,30,7,2020,16,52,2,,16.91,927.86,734.40
009,15,13,15,13,33.4358,S,70.5218,W,30,7,2020,17,0,44,791.70,16.30,927.87,734.38
009,7,7,12,6,33.4358,S,70.5218,W,30,7,2020,17,1,23,791.90,16.30,927.87,734.38
009,6,7,9,6,33.4358,S,70.5218,W,30,7,2020,17,2,2,792.60,16.30,927.87,734.38
009,34,19,28,22,33.4358,S,70.5218,W,0,0,2000,17,5,44,795.40,15.94,927.78,735.10
009,23,19,34,24,33.4358,S,70.5218,W,30,7,2020,17,6,23,795.50,15.94,927.78,735.10
009,10,6,16,11,33.4358,S,70.5218,W,30,7,2020,17,7,2,,15.94,927.78,735.10
009,285,217,288,330,33.4358,S,70.5218,W,0,0,2000,17,10,44,797.00,17.17,927.63,736.48
009,253,212,245,279,33.4358,S,70.5218,W,30,7,2020,17,11,23,797.20,17.17,927.63,736.48
009,226,182,244,268,33.4358,S,70.5218,W,30,7,2020,17,12,2,,17.17,927.63,736.48
009,4,4,7,4,33.4358,S,70.5218,W,30,7,2020,17,22,19,797.40,19.39,927.29,739.55
009,0,0,0,0,33.4358,S,70.5218,W,30,7,2020,17,22,20,797.40,19.39,927.29,739.55
009,0,0,0,0,33.4358,S,70.5218,W,30,7,2020,17,22,21,797.40,19.39,927.29,739.55
009,19,17,32,23,33.4358,S,70.5218,W,0,0,2000,17,25,44,796.30,18.50,927.21,740.27
009,68,29,63,51,33.4358,S,70.5218,W,30,7,2020,17,26,23,796.40,18.50,927.21,740.27
009,120,64,101,110,33.4358,S,70.5218,W,30,7,2020,17,27,2,,18.50,927.21,740.27
009,780,647,855,937,33.4358,S,70.5218,W,0,0,2000,17,40,44,806.20,20.00,926.84,
009,881,684,900,1059,33.4358,S,70.5218,W,30,7,2020,17,41,23,806.30,20.00,926.84,
009,871,694,902,1030,33.4358,S,70.5218,W,30,7,2020,17,42,2,,20.00,926.84,
009,154,142,190,196,33.4358,S,70.5218,W,0,0,2000,17,45,44,810.60,22.57,926.87,743.33
009,114,63,91,105,33.4358,S,70.5218,W,30,7,2020,17,46,23,810.60,22.57,926.87,743.33
009,93,61,96,93,33.4358,S,70.5218,W,30,7,2020,17,47,2,,22.57,926.87,743.33
009,20,15,30,26,33.4358,S,70.5218,W,0,0,2000,17,50,44,800.00,19.96,927.00,742.12
009,19,13,84,23,33.4358,S,70.5218,W,30,7,2020,17,51,23,800.30,19.96,927.00,742.12
009,7,7,9,6,33.4358,S,70.5218,W,30,7,2020,17,52,2,,19.96,927.00,742.12
009,7,5,12,5,33.4358,S,70.5218,W,0,0,2000,17,55,44,804.80,17.65,926.99,742.24
009,25,20,32,33,33.4358,S,70.5218,W,30,7,2020,17,56,23,801.50,17.65,926.99,742.24
009,100,108,108,108,33.4358,S,70.5218,W,30,7,2020,17,57,2,,17.65,926.99,742.24
009,148,206,182,175,33.4358,S,70.5218,W,0,0,2000,18,0,44,795.80,17.37,926.98,742.32
009,134,96,117,126,33.4358,S,70.5218,W,30,7,2020,18,1,23,796.10,17.37,926.98,742.32
009,143,160,150,172,33.4358,S,70.5218,W,30,7,2020,18,2,2,,17.37,926.98,742.32
009,452,352,493,549,33.4358,S,70.5218,W,0,0,2000,18,5,44,797.30,18.77,926.81,743.78
009,442,374,467,497,33.4358,S,70.5218,W,30,7,2020,18,6,23,797.60,18.77,926.81,743.78
009,447,355,508,544,33.4358,S,70.5218,W,30,7,2020,18,7,2,,18.77,926.81,743.78
009,1137,918,1158,1343,33.4359,S,70.5218,W,31,7,2020,14,25,26,785.30,17.91,,
009,1130,900,1166,1339,33.4359,S,70.5218,W,31,7,2020,14,26,5,791.00,17.91,,
009,1142,894,1188,1382,33.4359,S,70.5218,W,31,7,2020,14,26,44,,17.91,,
009,1299,1016,1332,1558,33.4358,S,70.5218,W,0,0,2000,15,5,44,793.60,26.24,,
009,1297,1022,1324,1564,33.4358,S,70.5218,W,31,7,2020,15,6,23,796.00,26.24,,
009,1295,1030,1345,1571,33.4358,S,70.5218,W,31,7,2020,15,7,2,,26.24,,
009,1260,1023,1308,1534,33.4358,S,70.5218,W,31,7,2020,15,10,44,791.30,25.75,,
009,1224,993,1299,1537,33.4358,S,70.5218,W,31,7,2020,15,11,23,793.60,25.75,,
009,1181,950,1287,1477,33.4358,S,70.5218,W,31,7,2020,15,12,2,,25.75,,
009,1385,1102,1416,1648,33.4358,S,70.5218,W,2,8,2020,15,52,44,790.10,23.96,,
009,1392,1088,1422,1686,33.4358,S,70.5218,W,2,8,2020,15,53,23,796.20,23.96,,
009,1399,1103,1430,1676,33.4358,S,70.5218,W,2,8,2020,15,54,2,,23.96,,
009,1396,1102,1456,1678,33.4358,S,70.5218,W,2,8,2020,16,5,44,791.40,26.95,,
009,1399,1110,1447,1677,33.4358,S,70.5218,W,2,8,2020,16,6,23,791.40,26.95,,
009,1403,1106,1423,1686,33.4358,S,70.5218,W,2,8,2020,16,7,2,,26.95,,
009,1390,1101,1429,1669,33.4358,S,70.5218,W,2,8,2020,16,10,44,793.20,27.96,,
009,1389,1096,1430,1666,33.4358,S,70.5218,W,2,8,2020,16,11,23,793.10,27.96,,
009,1393,1067,1430,1671,33.4358,S,70.5218,W,2,8,2020,16,12,2,,27.96,,
009,5,5,7,4,33.4358,S,70.5218,W,2,8,2020,16,17,19,793.90,25.67,926.75,744.33
009,0,0,0,0,33.4358,S,70.5218,W,2,8,2020,16,17,20,793.90,25.67,926.75,744.33
009,0,0,0,0,33.4358,S,70.5218,W,2,8,2020,16,17,21,793.90,25.67,926.75,744.33
009,1390,1095,1427,1661,33.4358,S,70.5218,W,2,8,2020,16,20,44,796.20,25.76,,
009,1391,1102,1441,1673,33.4358,S,70.5218,W,2,8,2020,16,21,23,794.90,25.76,,
009,1397,1100,1439,1680,33.4358,S,70.5218,W,2,8,2020,16,22,2,,25.76,,
009,1396,1096,1422,1670,33.4358,S,70.5218,W,2,8,2020,16,25,44,805.40,26.17,,
009,1391,1088,1433,1672,33.4358,S,70.5218,W,2,8,2020,16,26,23,803.20,26.17,,
009,1389,1092,1427,1668,33.4358,S,70.5218,W,2,8,2020,16,27,2,,26.17,,
009,5,5,7,4,33.4358,S,70.5218,W,2,8,2020,16,32,19,801.10,26.22,926.53,746.29
009,0,0,0,0,33.4358,S,70.5218,W,2,8,2020,16,32,20,801.10,26.22,926.53,746.29
009,0,0,0,0,33.4358,S,70.5218,W,2,8,2020,16,32,21,801.00,26.22,926.53,746.29
009,1371,1080,1389,1648,33.4358,S,70.5219,W,2,8,2020,16,35,44,803.40,27.04,,
009,1380,1089,1367,1649,33.4358,S,70.5219,W,2,8,2020,16,36,23,803.30,27.04,,
009,1375,1076,1385,1633,33.4358,S,70.5219,W,2,8,2020,16,37,2,,27.04,,
009,952,798,1062,1212,33.4358,S,70.5218,W,0,0,2000,18,55,44,798.60,27.95,925.55,
009,998,788,1041,1230,33.4358,S,70.5218,W,2,8,2020,18,56,23,798.40,27.95,925.55,
009,1016,804,1053,1222,33.4358,S,70.5218,W,2,8,2020,18,57,2,,27.95,925.55,
009,1011,800,1037,1207,33.4358,S,70.5218,W,0,0,2000,19,0,44,799.40,28.27,925.59,
009,1020,786,1035,1170,33.4358,S,70.5218,W,2,8,2020,19,1,23,799.30,28.27,925.59,
009,1007,779,1038,1200,33.4358,S,70.5218,W,2,8,2020,19,2,2,,28.27,925.59,
009,992,785,1018,1179,33.4358,S,70.5217,W,0,0,2000,19,5,44,797.40,27.05,925.51,
009,990,781,1004,1129,33.4358,S,70.5217,W,2,8,2020,19,6,23,796.70,27.05,925.51,
009,973,762,991,1169,33.4358,S,70.5217,W,2,8,2020,19,7,2,,27.05,925.51,
009,950,749,980,1139,33.4358,S,70.5217,W,0,0,2000,19,10,44,799.00,26.91,925.43,
009,965,760,985,1147,33.4358,S,70.5218,W,2,8,2020,19,11,23,799.00,26.91,925.43,
009,961,763,988,1153,33.4358,S,70.5218,W,2,8,2020,19,12,2,,26.91,925.43,
009,953,766,976,1148,33.4358,S,70.5218,W,0,0,2000,19,15,44,799.10,27.40,925.39,
009,951,758,950,1147,33.4358,S,70.5218,W,2,8,2020,19,16,23,799.10,27.40,925.39,
009,952,750,925,1150,33.4358,S,70.5218,W,2,8,2020,19,17,2,,27.40,925.39,
009,903,713,897,1094,33.4358,S,70.5218,W,0,0,2000,19,25,44,793.60,27.18,925.31,
009,904,720,861,1076,33.4358,S,70.5218,W,2,8,2020,19,26,23,793.60,27.18,925.31,
009,891,705,830,1073,33.4358,S,70.5218,W,2,8,2020,19,27,2,,27.18,925.31,
009,820,673,880,1043,33.4358,S,70.5217,W,0,0,2000,19,30,44,796.60,26.44,925.33,
009,861,681,863,1042,33.4358,S,70.5217,W,2,8,2020,19,31,23,794.50,26.44,925.33,
009,856,676,836,1032,33.4358,S,70.5217,W,2,8,2020,19,32,2,,26.44,925.33,
009,843,672,831,1009,33.4358,S,70.5217,W,2,8,2020,19,35,44,797.50,25.96,925.23,757.96
009,851,665,854,1020,33.4358,S,70.5217,W,2,8,2020,19,36,23,797.40,25.96,925.23,757.96
009,846,670,847,979,33.4358,S,70.5217,W,2,8,2020,19,37,2,,25.96,925.23,757.96
009,811,644,814,966,33.4358,S,70.5218,W,2,8,2020,19,40,44,795.20,25.60,925.18,758.40
009,801,636,822,942,33.4358,S,70.5218,W,2,8,2020,19,41,23,796.00,25.60,925.18,758.40
009,807,610,804,916,33.4358,S,70.5218,W,2,8,2020,19,42,2,,25.60,925.18,758.40
009,763,606,774,916,33.4358,S,70.5217,W,2,8,2020,19,45,44,798.00,26.42,925.20,758.28
009,761,599,769,861,33.4358,S,70.5217,W,2,8,2020,19,46,23,797.80,26.42,925.20,758.28
009,760,599,770,786,33.4358,S,70.5217,W,2,8,2020,19,47,2,,26.42,925.20,758.28
009,765,582,764,895,33.4358,S,70.5218,W,0,0,2000,19,50,44,802.60,27.01,925.13,758.88
009,762,501,767,911,33.4358,S,70.5218,W,2,8,2020,19,51,23,802.60,27.01,925.13,758.88
009,748,600,757,905,33.4358,S,70.5218,W,2,8,2020,19,52,2,,27.01,925.13,758.88
009,748,594,736,884,33.4358,S,70.5218,W,2,8,2020,19,55,44,800.20,27.77,925.20,758.26
009,742,583,735,864,33.4358,S,70.5218,W,2,8,2020,19,56,23,800.20,27.77,925.20,758.26
009,742,582,721,879,33.4358,S,70.5218,W,2,8,2020,19,57,2,,27.77,925.20,758.26
009,703,556,706,838,33.4358,S,70.5217,W,2,8,2020,20,0,44,798.30,28.13,925.22,758.10
009,703,559,701,848,33.4358,S,70.5217,W,2,8,2020,20,1,23,798.30,28.13,925.22,758.10
009,707,553,708,842,33.4358,S,70.5217,W,2,8,2020,20,2,2,,28.13,925.22,758.10
009,114,88,91,105,33.4358,S,70.5217,W,2,8,2020,21,20,44,794.00,20.01,925.85,752.46
009,95,80,60,89,33.4358,S,70.5217,W,2,8,2020,21,21,23,794.10,20.01,925.85,752.46
009,100,66,62,81,33.4358,S,70.5217,W,2,8,2020,21,22,2,,20.01,925.85,752.46
