002,7,6,6,6,,,6,1,2080,0,0,13,,13.73,949.22,545.23
002,9,8,11,9,,,6,1,2080,0,2,46,,14.37,949.26,544.89
002,10,8,9,8,,,15,6,2018,15,13,10,,14.31,949.21,545.29
002,9,8,9,9,,,15,6,2018,15,18,10,,14.15,949.32,544.37
002,10,8,9,9,,,15,6,2018,15,23,10,,13.99,949.27,544.79
002,9,8,10,9,,,15,6,2018,15,28,10,,13.92,949.31,544.42
002,10,8,10,9,,,15,6,2018,15,33,10,,13.89,949.35,544.05
002,9,8,9,9,,,15,6,2018,15,38,10,,13.90,949.42,543.41
002,9,8,9,9,,,6,1,2080,0,2,46,,13.86,949.34,544.18
002,9,8,10,8,,,6,1,2080,0,2,46,,13.83,949.03,546.88
002,9,8,9,8,,,15,6,2018,15,53,10,,13.87,949.01,547.09
002,9,8,9,8,,,15,6,2018,15,58,10,,13.91,949.12,546.10
002,9,8,10,8,,,15,6,2018,16,3,10,,13.92,948.95,547.53
002,6,6,7,6,,,12,1,2080,13,42,43,,19.79,947.82,557.52
002,880,849,729,676,,,16,6,2018,13,53,9,629.70,19.40,947.81,557.59
002,905,881,752,697,,,16,6,2018,13,58,9,628.40,19.10,947.94,556.44
002,913,880,758,703,,,16,6,2018,14,3,9,632.70,18.94,947.93,556.57
002,942,920,787,745,,,16,6,2018,14,8,9,634.70,19.07,948.04,555.54
002,9,8,9,8,,,16,6,2018,14,13,9,633.80,20.04,948.14,554.73
002,1001,956,825,769,,,16,6,2018,14,18,9,632.00,20.15,948.15,554.62
002,924,885,785,700,,,16,6,2018,14,23,9,634.10,21.35,948.19,554.21
002,997,969,849,769,,,16,6,2018,14,28,9,633.70,22.17,948.07,555.27
002,974,953,841,780,,,16,6,2018,14,33,9,637.50,22.66,948.07,555.33
002,1048,1000,896,813,,,16,6,2018,14,38,9,634.20,22.32,948.02,555.75
002,1085,1065,900,829,,,16,6,2018,14,43,9,628.30,21.88,947.87,557.09
002,1117,1073,953,868,,,16,6,2018,14,48,9,634.30,21.89,947.81,557.61
002,1153,1081,964,885,,,16,6,2018,14,53,9,633.30,22.63,947.86,557.16
002,1161,1129,989,897,,,16,6,2018,14,58,9,635.60,23.11,947.94,556.44
002,1139,1081,968,901,,,16,6,2018,15,3,9,632.30,23.07,947.90,556.84
002,1177,1113,1004,909,,,16,6,2018,15,8,9,632.30,22.94,947.91,556.67
002,1153,1105,987,897,,,16,6,2018,15,13,9,628.50,23.34,947.93,556.51
002,1177,1137,979,905,,,16,6,2018,15,18,9,633.70,23.39,947.99,555.99
002,1153,1102,1002,905,,,16,6,2018,15,23,9,638.60,23.67,948.09,555.12
002,1152,1121,979,912,,,16,6,2018,15,28,9,634.00,24.31,948.13,554.79
002,1197,1141,1003,923,,,16,6,2018,15,33,9,635.50,26.00,948.18,554.38
002,1161,1145,1029,917,,,16,6,2018,15,38,9,635.20,26.37,948.10,555.04
002,1183,1125,1021,908,,,16,6,2018,15,43,9,640.80,26.66,948.10,555.09
002,1254,1153,1076,941,,,16,6,2018,15,48,9,638.40,27.25,948.05,555.51
002,1249,1197,1073,969,,,16,6,2018,15,53,9,632.70,27.66,947.94,556.41
002,1257,1188,1051,965,,,16,6,2018,15,58,9,634.40,27.64,947.85,557.21
002,1283,1229,1109,979,,,16,6,2018,16,3,9,633.60,27.07,947.70,558.58
002,1297,1183,1075,977,,,16,6,2018,16,8,9,632.80,27.70,947.72,558.34
002,1329,1225,1129,1001,,,16,6,2018,16,13,9,632.40,27.96,947.71,558.51
002,1304,1201,1109,1005,,,16,6,2018,16,18,9,633.60,28.32,947.59,559.54
002,1329,1233,1132,1016,,,16,6,2018,16,23,9,632.40,28.76,947.56,559.81
002,1299,1222,1112,1009,,,16,6,2018,16,28,9,631.40,29.10,947.48,560.51
002,1284,1183,1086,969,,,16,6,2018,16,33,9,632.30,28.00,947.43,560.97
002,1292,1197,1088,977,,,16,6,2018,16,38,9,631.00,28.46,947.43,560.94
002,1250,1161,1054,953,,,16,6,2018,16,43,9,630.60,28.46,947.41,561.10
002,1309,1190,1096,982,,,16,6,2018,16,48,9,632.40,28.13,947.38,561.34
002,1299,1176,1080,968,,,16,6,2018,16,53,9,626.50,28.55,947.31,562.00
002,1254,1201,1096,985,,,16,6,2018,16,58,9,628.30,28.97,947.27,562.36
002,1257,1212,1060,981,,,16,6,2018,17,3,9,627.60,29.57,947.21,562.86
002,1283,1152,1052,973,,,16,6,2018,17,8,9,626.70,29.67,947.15,563.36
002,1256,1129,1025,936,,,16,6,2018,17,13,9,625.60,29.71,947.06,564.16
002,1244,1148,1052,930,,,16,6,2018,17,18,9,625.80,30.37,947.02,564.51
002,1216,1125,1036,903,,,16,6,2018,17,23,9,627.10,30.21,947.09,563.90
002,1213,1100,990,905,,,16,6,2018,17,28,9,629.40,30.08,947.10,563.86
002,1181,1064,991,881,,,16,6,2018,17,33,9,630.20,30.29,946.94,565.26
002,1276,1152,1036,937,,,16,6,2018,17,38,9,626.30,30.17,946.89,565.66
002,1219,1122,1013,897,,,16,6,2018,17,43,9,628.10,30.24,946.90,565.57
002,1228,1100,1009,913,,,16,6,2018,17,48,9,624.50,29.93,946.81,566.40
002,1166,1085,974,877,,,16,6,2018,17,53,9,627.20,30.29,946.79,566.57
002,1129,1047,926,849,,,16,6,2018,17,58,9,627.80,30.25,946.83,566.23
002,1145,1053,922,832,,,16,6,2018,18,3,9,628.80,30.14,946.72,567.14
002,1085,1006,888,799,,,16,6,2018,18,8,9,630.10,30.44,946.77,566.70
002,1017,913,831,760,,,16,6,2018,18,13,9,628.80,29.72,946.69,567.44
002,1047,956,862,772,,,16,6,2018,18,18,9,634.40,30.64,946.58,568.37
002,1029,937,852,748,,,16,6,2018,18,23,9,633.50,30.40,946.58,568.44
002,1028,924,847,753,,,16,6,2018,18,28,9,633.70,30.21,946.55,568.67
002,948,829,768,677,,,16,6,2018,18,33,9,636.20,30.93,946.61,568.14
002,886,789,739,657,,,16,6,2018,18,38,9,633.20,31.07,946.59,568.29
002,925,825,750,680,,,16,6,2018,18,43,9,634.90,30.67,946.58,568.43
002,804,735,669,596,,,16,6,2018,18,48,9,634.90,30.00,946.52,568.98
002,781,716,637,581,,,16,6,2018,18,53,9,634.00,29.52,946.52,568.94
002,745,669,605,548,,,16,6,2018,18,58,9,630.70,29.43,946.54,568.75
002,713,633,584,504,,,16,6,2018,19,3,9,632.80,29.30,946.61,568.14
002,620,557,496,457,,,16,6,2018,19,8,9,629.60,28.97,946.62,568.07
002,620,564,505,460,,,16,6,2018,19,13,9,627.10,28.70,946.54,568.77
002,608,552,497,447,,,16,6,2018,19,18,9,629.00,28.87,946.47,569.34
002,680,601,525,460,,,16,6,2018,19,23,9,627.70,28.40,946.48,569.26
002,588,533,477,421,,,16,6,2018,19,28,9,627.10,27.65,946.50,569.13
002,10,9,9,10,,,16,6,2018,19,33,9,627.40,27.90,946.45,569.51
002,573,517,472,425,,,16,6,2018,19,38,9,629.40,27.32,946.52,568.98
002,541,520,440,396,,,16,6,2018,19,43,9,626.40,27.01,946.41,569.92
002,574,536,478,416,,,16,6,2018,19,48,9,629.20,26.59,946.36,570.35
002,550,492,450,389,,,16,6,2018,19,53,9,628.20,26.79,946.43,569.73
002,543,501,449,408,,,16,6,2018,19,58,9,629.40,26.54,946.44,569.67
002,504,449,404,358,,,16,6,2018,20,3,9,630.80,25.94,946.54,568.78
002,503,463,412,364,,,16,6,2018,20,8,9,630.10,26.03,946.51,568.98
002,487,433,397,356,,,16,6,2018,20,13,9,632.30,26.05,946.56,568.57
002,465,420,396,332,,,16,6,2018,20,18,9,625.50,25.82,946.65,567.79
002,405,374,321,296,,,16,6,2018,20,23,9,621.30,25.31,946.57,568.49
002,385,349,312,269,,,16,6,2018,20,28,9,628.00,25.07,946.53,568.80
002,314,287,253,232,,,16,6,2018,20,33,9,631.70,25.12,946.53,568.82
002,289,273,232,204,,,16,6,2018,20,38,9,633.30,24.58,946.64,567.88
002,261,250,205,184,,,16,6,2018,20,43,9,632.50,23.88,946.65,567.81
002,200,189,164,136,,,16,6,2018,20,48,9,634.30,23.44,946.66,567.69
002,10,9,9,9,,,16,6,2018,20,53,9,629.60,22.89,946.78,566.64
002,291,298,226,223,,,17,6,2018,12,43,9,638.50,7.52,947.38,561.41
002,347,345,265,248,,,17,6,2018,12,48,9,637.20,9.53,947.42,561.04
002,379,365,294,286,,,17,6,2018,12,53,9,641.60,11.36,947.48,560.52
002,419,415,343,313,,,17,6,2018,12,58,9,634.70,13.20,947.46,560.70
002,491,465,371,347,,,17,6,2018,13,3,9,636.50,14.57,947.52,560.16
002,523,496,419,381,,,17,6,2018,13,8,9,635.60,15.69,947.50,560.33
002,572,537,447,419,,,17,6,2018,13,13,9,637.80,17.37,947.42,561.06
002,626,592,507,469,,,17,6,2018,13,18,9,633.90,18.73,947.37,561.44
002,667,619,543,491,,,17,6,2018,13,23,9,633.50,19.86,947.48,560.49
002,759,651,563,567,,,17,6,2018,13,28,9,627.30,20.10,947.50,560.36
002,741,699,603,556,,,17,6,2018,13,33,9,632.40,20.97,947.47,560.57
002,9,9,9,9,,,17,6,2018,13,38,9,634.00,22.68,947.43,560.91
002,849,768,691,625,,,17,6,2018,13,43,9,633.40,22.82,947.42,560.98
002,849,783,697,644,,,17,6,2018,13,48,9,634.50,23.14,947.42,561.03
002,917,825,713,669,,,17,6,2018,13,53,9,629.70,23.46,947.51,560.20
002,964,861,780,697,,,17,6,2018,13,58,9,631.70,23.86,947.49,560.43
002,968,892,783,708,,,17,6,2018,14,3,9,633.40,24.46,947.56,559.79
002,1009,908,817,748,,,17,6,2018,14,8,9,631.20,25.20,947.58,559.58
002,1037,941,841,769,,,17,6,2018,14,13,9,632.30,25.80,947.66,558.91
002,1055,968,871,789,,,17,6,2018,14,18,9,632.70,26.74,947.72,558.40
002,1087,974,899,799,,,17,6,2018,14,23,9,631.10,27.39,947.72,558.35
002,1083,986,901,812,,,17,6,2018,14,28,9,632.60,28.24,947.76,558.01
002,1113,1009,915,829,,,17,6,2018,14,33,9,632.10,28.01,947.86,557.13
002,1129,1017,917,825,,,17,6,2018,14,38,9,631.20,28.01,947.79,557.78
002,1080,996,897,806,,,17,6,2018,14,43,9,632.90,27.85,947.85,557.27
002,1129,1021,913,832,,,17,6,2018,14,48,9,630.50,27.64,947.94,556.46
002,1144,1028,905,829,,,17,6,2018,14,53,9,632.80,28.08,947.95,556.34
002,1205,1081,984,876,,,17,6,2018,14,58,9,633.20,27.99,948.00,555.95
002,1228,1103,1001,893,,,17,6,2018,15,3,9,630.20,28.18,947.94,556.45
002,1236,1094,1005,916,,,17,6,2018,15,8,9,629.30,28.68,947.99,556.01
002,1257,1124,1024,921,,,17,6,2018,15,13,9,631.90,28.94,947.99,556.01
002,1233,1148,1041,932,,,17,6,2018,15,18,9,637.20,29.45,948.01,555.80
002,1270,1181,1048,950,,,17,6,2018,15,23,9,631.80,29.90,948.00,555.93
002,1297,1176,1053,945,,,17,6,2018,15,28,9,634.10,30.32,948.00,555.93
002,1325,1185,1081,964,,,17,6,2018,15,33,9,631.60,30.60,947.97,556.16
002,1337,1181,1080,977,,,17,6,2018,15,38,9,633.60,30.88,947.97,556.16
002,1403,1254,1101,995,,,17,6,2018,15,43,9,633.20,31.32,947.92,556.66
002,1341,1166,1067,981,,,17,6,2018,15,48,9,633.80,30.91,947.93,556.57
002,1327,1209,1076,977,,,17,6,2018,15,53,9,631.90,31.80,947.84,557.29
002,1349,1184,1088,985,,,17,6,2018,15,58,9,630.90,32.02,947.83,557.45
002,1353,1220,1091,982,,,17,6,2018,16,3,9,630.50,32.36,947.85,557.26
002,1337,1198,1097,960,,,17,6,2018,16,8,9,631.70,32.71,947.80,557.69
002,1327,1212,1097,960,,,17,6,2018,16,13,9,631.80,32.65,947.68,558.77
002,1341,1200,1104,991,,,17,6,2018,16,18,9,630.00,31.84,947.67,558.85
002,1324,1193,1064,960,,,17,6,2018,16,23,9,630.90,32.02,947.63,559.19
002,1357,1229,1106,989,,,17,6,2018,16,28,9,629.60,32.28,947.60,559.47
002,1366,1228,1100,988,,,17,6,2018,16,33,9,629.10,33.21,947.56,559.76
002,1357,1208,1087,988,,,17,6,2018,16,38,9,628.10,33.69,947.55,559.85
002,1341,1193,1090,969,,,17,6,2018,16,43,9,636.30,33.13,947.41,561.10
002,1334,1172,1052,948,,,17,6,2018,16,48,9,607.20,33.00,947.40,561.18
002,1297,1158,1036,945,,,17,6,2018,16,53,9,626.40,32.42,947.24,562.58
002,1316,1158,1048,945,,,17,6,2018,16,58,9,627.80,32.81,947.16,563.29
002,1265,1148,1037,916,,,17,6,2018,17,3,9,624.50,32.66,947.09,563.91
002,1276,1111,1000,910,,,17,6,2018,17,8,9,625.90,32.43,947.04,564.40
002,1240,1122,1000,904,,,17,6,2018,17,13,9,627.50,32.32,946.97,565.01
002,1216,1101,977,868,,,17,6,2018,17,18,9,627.80,32.40,946.92,565.40
002,1201,1057,950,861,,,17,6,2018,17,23,9,631.90,33.24,946.84,566.16
002,1176,1053,940,854,,,17,6,2018,17,28,9,632.60,33.18,946.81,566.42
002,1181,1029,940,829,,,17,6,2018,17,33,9,627.70,33.76,946.74,567.01
002,1160,1032,921,822,,,17,6,2018,17,38,9,627.40,34.09,946.59,568.31
002,1153,1017,911,820,,,17,6,2018,17,43,9,628.40,33.64,946.50,569.12
002,1161,1004,913,820,,,17,6,2018,17,48,9,629.20,32.87,946.45,569.57
002,1177,1041,925,813,,,17,6,2018,17,53,9,630.70,32.47,946.43,569.72
002,1180,1049,936,838,,,17,6,2018,17,58,9,626.10,32.23,946.38,570.19
002,1156,1021,908,798,,,17,6,2018,18,3,9,629.40,31.96,946.29,570.95
002,1142,1004,897,808,,,17,6,2018,18,8,9,633.70,31.71,946.19,571.85
002,1119,972,873,793,,,17,6,2018,18,13,9,635.00,32.70,946.11,572.55
002,1101,984,876,788,,,17,6,2018,18,18,9,638.60,32.43,946.01,573.43
002,1053,937,852,739,,,17,6,2018,18,23,9,633.10,32.32,945.99,573.58
002,937,840,737,694,,,17,6,2018,18,28,9,633.00,32.73,945.93,574.15
002,964,844,761,680,,,17,6,2018,18,33,9,631.80,32.75,945.90,574.39
002,953,857,765,692,,,17,6,2018,18,38,9,632.60,33.05,945.93,574.15
002,952,840,744,664,,,17,6,2018,18,43,9,632.40,31.94,945.88,574.53
002,925,813,729,648,,,17,6,2018,18,48,9,632.00,31.25,945.90,574.37
002,852,777,686,605,,,17,6,2018,18,53,9,631.20,30.91,945.81,575.22
002,841,748,664,598,,,17,6,2018,18,58,9,628.90,30.61,945.77,575.52
002,822,761,668,610,,,17,6,2018,19,3,9,633.30,30.78,945.89,574.49
002,812,717,648,566,,,17,6,2018,19,8,9,628.80,30.07,945.81,575.18
002,792,701,636,573,,,17,6,2018,19,13,9,626.50,30.26,945.77,575.56
002,764,671,601,536,,,17,6,2018,19,18,9,630.40,30.38,945.76,575.66
002,785,689,616,556,,,17,6,2018,19,23,9,630.50,30.78,945.75,575.67
002,748,645,584,513,,,17,6,2018,19,28,9,629.90,30.96,945.69,576.24
002,727,635,569,495,,,17,6,2018,19,33,9,630.00,30.49,945.71,576.06
002,740,632,578,512,,,17,6,2018,19,38,9,628.70,30.10,945.64,576.65
002,665,601,537,481,,,17,6,2018,19,43,9,618.80,30.18,945.73,575.93
002,694,612,539,484,,,17,6,2018,19,48,9,631.10,30.48,945.69,576.25
002,10,9,9,9,,,17,6,2018,19,53,9,631.30,31.29,945.70,576.17
002,607,543,492,424,,,17,6,2018,19,58,9,624.80,30.11,945.75,575.69
002,580,517,449,384,,,17,6,2018,20,3,9,624.70,29.90,945.75,575.74
002,565,502,441,408,,,17,6,2018,20,8,9,629.50,29.51,945.78,575.45
002,517,453,415,352,,,17,6,2018,20,13,9,627.00,29.22,945.84,574.90
002,485,440,376,328,,,17,6,2018,20,18,9,624.20,28.96,945.88,574.57
002,416,379,337,297,,,17,6,2018,20,23,9,626.80,28.44,945.85,574.82
002,403,349,312,281,,,17,6,2018,20,28,9,631.60,27.84,945.89,574.52
002,10,9,10,10,,,17,6,2018,20,33,9,631.60,27.55,945.91,574.30
002,273,260,217,184,,,17,6,2018,20,38,9,632.50,27.50,945.96,573.88
002,245,228,202,162,,,17,6,2018,20,43,9,630.70,26.90,945.95,573.94
002,198,184,160,137,,,17,6,2018,20,48,9,629.10,26.37,945.87,574.63
002,153,158,115,96,,,17,6,2018,20,53,9,634.20,25.63,945.90,574.38
002,7,6,7,6,,,20,6,2018,16,1,40,564.30,20.15,956.57,480.93
002,0,0,0,0,,,20,6,2018,16,5,44,557.10,19.46,956.55,481.09
002,801,720,713,573,,,20,6,2018,16,18,10,554.60,19.62,956.51,481.43
002,819,733,713,589,,,20,6,2018,16,23,10,555.00,19.20,956.64,480.29
002,849,752,753,601,,,20,6,2018,16,28,10,561.20,19.07,956.52,481.30
002,849,777,764,612,,,20,6,2018,16,33,10,557.90,20.16,956.52,481.35
002,861,780,756,616,,,20,6,2018,16,38,10,554.70,20.01,956.52,481.35
002,919,797,797,649,,,20,6,2018,16,43,10,554.90,20.70,956.49,481.61
002,841,761,753,591,,,20,6,2018,16,48,10,554.30,21.04,956.52,481.34
002,824,697,724,580,,,20,6,2018,16,53,10,552.80,20.53,956.63,480.39
002,806,725,715,585,,,20,6,2018,16,58,10,554.90,20.90,956.65,480.15
002,779,684,697,545,,,20,6,2018,17,3,10,554.50,20.56,956.59,480.69
002,816,714,733,590,,,20,6,2018,17,8,10,557.90,20.31,956.47,481.72
002,815,749,753,616,,,20,6,2018,17,13,10,558.60,20.25,956.43,482.10
002,817,729,725,585,,,20,6,2018,17,18,10,555.10,21.13,956.36,482.74
002,849,758,745,607,,,20,6,2018,17,23,10,555.40,21.73,956.43,482.11
002,844,769,778,616,,,20,6,2018,17,28,10,559.80,21.19,956.29,483.30
002,845,737,745,597,,,20,6,2018,17,33,10,557.10,21.80,956.26,483.58
002,789,701,689,559,,,20,6,2018,17,38,10,557.40,21.82,956.29,483.34
002,777,701,692,557,,,20,6,2018,17,43,10,555.90,23.33,956.21,484.07
002,884,773,773,623,,,20,6,2018,17,48,10,559.00,22.67,956.17,484.35
002,840,744,737,592,,,20,6,2018,17,53,10,553.30,22.36,956.21,484.05
002,832,724,726,572,,,20,6,2018,17,58,10,552.30,22.59,956.14,484.64
002,926,841,860,653,,,20,6,2018,18,3,10,552.30,22.77,956.20,484.15
002,857,758,772,619,,,20,6,2018,18,8,10,555.30,22.37,956.18,484.32
002,785,705,701,561,,,20,6,2018,18,13,10,554.20,22.90,956.08,485.17
002,777,702,716,565,,,20,6,2018,18,18,10,552.10,22.80,956.03,485.56
002,753,669,658,540,,,20,6,2018,18,23,10,553.70,22.70,956.02,485.66
002,781,690,675,537,,,20,6,2018,18,28,10,558.90,22.54,956.02,485.73
002,829,733,721,563,,,20,6,2018,18,33,10,552.30,21.71,955.98,486.04
002,925,805,817,649,,,20,6,2018,18,38,10,559.30,21.47,955.95,486.33
002,911,820,825,656,,,20,6,2018,18,43,10,557.50,21.93,955.89,486.79
002,981,821,830,669,,,20,6,2018,18,48,10,558.90,22.22,955.94,486.43
002,817,729,737,589,,,20,6,2018,18,53,10,557.40,21.87,955.96,486.23
002,752,668,665,529,,,20,6,2018,18,58,10,554.30,22.18,956.12,484.85
002,700,644,623,508,,,20,6,2018,19,3,10,550.40,21.89,956.07,485.25
002,593,520,536,404,,,20,6,2018,19,8,10,553.40,20.82,956.25,483.72
002,515,481,479,385,,,20,6,2018,19,13,10,548.90,19.95,956.11,484.93
002,555,504,497,405,,,20,6,2018,19,18,10,548.00,19.10,956.29,483.37
002,557,489,479,408,,,20,6,2018,19,23,10,554.30,18.76,956.26,483.62
002,588,516,513,421,,,20,6,2018,19,28,10,548.00,18.99,956.35,482.83
002,505,447,426,348,,,20,6,2018,19,33,9,553.90,19.32,956.26,483.58
002,507,465,444,337,,,20,6,2018,19,38,10,551.50,18.89,956.21,484.02
002,481,447,424,353,,,20,6,2018,19,43,10,561.80,19.01,956.24,483.76
002,489,457,453,361,,,20,6,2018,19,48,10,558.30,19.12,956.30,483.21
002,459,413,384,314,,,20,6,2018,19,53,9,555.80,19.21,956.28,483.42
002,417,381,361,282,,,20,6,2018,19,58,10,553.80,18.95,956.32,483.05
002,349,323,329,251,,,20,6,2018,20,3,10,552.60,18.43,956.45,481.94
002,332,305,305,228,,,20,6,2018,20,8,10,561.30,18.44,956.51,481.40
002,329,307,287,236,,,20,6,2018,20,13,10,555.50,18.29,956.49,481.62
002,301,289,261,213,,,20,6,2018,20,18,10,561.20,18.30,956.49,481.56
002,269,261,244,189,,,20,6,2018,20,23,9,555.60,18.39,956.64,480.26
002,265,249,233,187,,,20,6,2018,20,28,9,555.70,18.40,956.67,480.04
002,223,216,192,164,,,20,6,2018,20,33,9,554.00,18.61,956.68,479.90
002,198,191,179,132,,,20,6,2018,20,38,9,565.60,18.68,956.68,479.91
002,9,8,9,8,,,20,6,2018,20,43,9,557.90,18.29,956.73,479.50
002,113,119,110,108,,,20,6,2018,20,48,9,549.20,17.85,956.84,478.52
002,93,89,81,37,,,20,6,2018,20,53,9,554.30,17.39,956.84,478.51
002,8,7,9,7,,,21,6,2018,12,43,9,596.10,6.31,959.28,457.25
002,16,12,13,7,,,21,6,2018,12,48,9,559.20,6.54,959.22,457.84
002,36,30,39,22,,,21,6,2018,12,53,9,553.90,6.94,959.23,457.70
002,31,23,28,18,,,21,6,2018,12,58,9,537.90,7.16,959.10,458.88
002,123,115,100,70,,,21,6,2018,13,3,9,526.40,7.65,959.19,458.07
002,101,109,101,68,,,21,6,2018,13,8,9,549.80,8.51,959.12,458.71
002,115,116,97,103,,,21,6,2018,13,13,9,555.70,9.10,959.11,458.72
002,136,130,104,104,,,21,6,2018,13,18,9,560.50,9.19,959.01,459.63
002,173,159,136,117,,,21,6,2018,13,23,9,554.90,9.61,959.08,459.02
002,217,208,186,144,,,21,6,2018,13,28,9,556.60,10.60,959.07,459.07
002,189,208,176,130,,,21,6,2018,13,33,9,556.60,11.21,959.07,459.10
002,221,221,189,154,,,21,6,2018,13,38,9,558.60,11.55,959.12,458.64
002,243,228,211,165,,,21,6,2018,13,43,9,555.10,11.72,959.08,459.02
002,247,245,216,181,,,21,6,2018,13,48,9,555.10,11.96,959.14,458.46
002,316,312,281,237,,,21,6,2018,13,53,9,554.60,12.81,959.20,458.02
002,361,333,317,270,,,21,6,2018,13,58,9,556.70,13.69,959.18,458.12
002,293,279,256,208,,,21,6,2018,14,3,9,555.10,14.17,959.09,458.93
002,361,329,307,249,,,21,6,2018,14,8,9,557.10,14.33,959.08,459.03
002,437,393,381,304,,,21,6,2018,14,13,9,552.40,14.65,959.08,458.99
002,401,385,355,269,,,21,6,2018,14,18,9,558.40,14.97,959.12,458.64
002,473,413,404,313,,,21,6,2018,14,23,9,560.30,15.25,959.03,459.48
002,396,361,351,280,,,21,6,2018,14,28,9,556.00,14.55,958.98,459.87
002,442,409,410,321,,,21,6,2018,14,33,9,555.50,14.58,958.97,459.94
002,457,401,385,313,,,21,6,2018,14,38,9,553.50,15.26,958.86,460.97
002,409,381,369,284,,,21,6,2018,14,43,9,555.90,15.56,958.86,460.91
002,373,345,319,259,,,21,6,2018,14,48,9,553.30,15.45,958.84,461.09
002,473,433,401,313,,,21,6,2018,14,53,9,554.80,15.34,958.82,461.30
002,417,385,368,283,,,21,6,2018,14,58,9,554.60,15.63,958.59,463.29
002,460,382,385,325,,,21,6,2018,15,3,9,559.70,15.87,958.59,463.25
002,400,364,349,293,,,21,6,2018,15,8,9,555.10,15.51,958.54,463.70
002,436,415,392,310,,,21,6,2018,15,13,9,557.20,15.07,958.39,465.05
002,419,365,356,287,,,21,6,2018,15,18,9,555.90,15.33,958.28,465.98
002,449,389,397,305,,,21,6,2018,15,23,9,561.50,15.41,958.17,466.95
002,465,413,401,312,,,21,6,2018,15,28,9,558.30,14.94,958.10,467.58
002,456,417,395,328,,,21,6,2018,15,33,9,561.70,15.57,958.12,467.39
002,404,365,366,277,,,21,6,2018,15,38,9,558.00,15.67,958.00,468.41
002,377,365,328,277,,,21,6,2018,15,43,9,557.20,15.64,957.81,470.06
002,415,393,352,292,,,21,6,2018,15,48,9,553.10,15.92,957.69,471.09
002,385,341,333,260,,,21,6,2018,15,53,9,552.70,16.29,957.58,472.12
002,366,317,307,241,,,21,6,2018,15,58,9,552.70,16.22,957.46,473.10
002,381,353,345,262,,,21,6,2018,16,3,9,559.30,16.60,957.45,473.22
002,369,333,324,257,,,21,6,2018,16,8,9,558.50,16.85,957.25,475.00
002,413,373,365,277,,,21,6,2018,16,13,9,555.60,16.81,957.05,476.75
002,400,345,325,286,,,21,6,2018,16,18,9,552.60,16.65,957.04,476.78
002,382,344,333,281,,,21,6,2018,16,23,9,558.90,16.79,956.94,477.63
002,477,448,413,338,,,21,6,2018,16,28,9,557.60,16.99,956.80,478.85
002,536,461,456,361,,,21,6,2018,16,33,9,536.40,17.64,956.75,479.31
002,558,526,524,408,,,21,6,2018,16,38,9,533.10,16.97,956.64,480.30
002,612,541,553,433,,,21,6,2018,16,43,9,550.90,17.67,956.64,480.25
002,700,632,612,518,,,21,6,2018,16,48,9,550.40,17.86,956.45,481.93
002,626,561,576,436,,,21,6,2018,16,53,9,548.10,18.20,956.37,482.60
002,742,608,616,510,,,21,6,2018,16,58,9,549.40,19.02,956.30,483.25
002,605,537,531,420,,,21,6,2018,17,3,9,552.00,19.88,956.10,484.99
002,669,625,616,488,,,21,6,2018,17,8,9,555.20,19.27,956.06,485.37
002,648,587,593,477,,,21,6,2018,17,13,9,555.70,19.50,955.98,486.01
002,661,593,559,468,,,21,6,2018,17,18,9,555.30,19.86,955.92,486.60
002,656,578,561,461,,,21,6,2018,17,23,9,551.40,20.68,955.83,487.38
002,676,601,615,489,,,21,6,2018,17,28,9,552.60,21.16,955.69,488.56
002,792,697,677,564,,,21,6,2018,17,33,9,553.10,21.86,955.58,489.49
002,815,689,692,561,,,21,6,2018,17,38,9,551.90,21.65,955.51,490.12
002,797,701,697,563,,,21,6,2018,17,43,9,551.80,22.75,955.51,490.15
002,824,721,781,570,,,21,6,2018,17,48,9,552.40,23.27,955.37,491.34
002,792,709,700,561,,,21,6,2018,17,53,9,555.30,22.36,955.39,491.17
002,825,712,729,577,,,21,6,2018,17,58,9,553.20,22.03,955.41,491.03
002,797,711,713,576,,,21,6,2018,18,3,9,558.00,22.06,955.29,492.02
002,653,588,577,486,,,21,6,2018,18,8,9,555.90,21.38,955.20,492.81
002,690,627,635,516,,,21,6,2018,18,13,9,551.10,21.32,955.20,492.82
002,661,576,550,453,,,21,6,2018,18,18,9,551.10,21.37,955.10,493.75
002,585,552,533,416,,,21,6,2018,18,23,9,560.00,20.19,955.06,494.03
002,668,605,589,488,,,21,6,2018,18,28,9,556.20,20.44,955.03,494.30
002,687,599,586,463,,,21,6,2018,18,33,9,558.10,21.27,955.13,493.42
002,704,632,612,493,,,21,6,2018,18,38,9,555.10,22.36,955.13,493.43
002,644,573,593,453,,,21,6,2018,18,43,9,548.70,22.40,954.99,494.72
002,657,585,569,461,,,21,6,2018,18,48,9,553.60,22.79,954.94,495.16
002,543,489,488,393,,,21,6,2018,18,53,9,553.10,22.51,954.81,496.23
002,401,349,325,275,,,21,6,2018,18,58,9,554.10,22.53,954.85,495.86
002,435,385,383,305,,,21,6,2018,19,3,9,554.70,21.25,954.72,497.00
002,613,552,553,436,,,21,6,2018,19,8,9,550.70,21.79,954.63,497.84
002,533,487,488,397,,,21,6,2018,19,13,9,553.30,22.76,954.77,496.62
002,552,497,472,392,,,21,6,2018,19,18,9,549.50,23.31,954.64,497.75
002,423,348,372,284,,,21,6,2018,19,23,9,546.90,23.00,954.56,498.46
002,452,422,407,339,,,21,6,2018,19,28,9,551.40,22.28,954.45,499.37
002,424,396,391,310,,,21,6,2018,19,33,9,552.50,22.38,954.41,499.71
002,373,335,333,270,,,21,6,2018,19,38,9,553.70,21.80,954.35,500.24
002,312,268,267,227,,,21,6,2018,19,43,9,561.30,21.14,954.31,500.67
002,190,182,159,116,,,21,6,2018,19,48,9,553.50,19.99,954.23,501.29
002,255,230,228,191,,,21,6,2018,19,53,9,556.40,19.83,954.21,501.47
002,399,393,356,290,,,21,6,2018,19,58,9,556.70,20.85,954.21,501.49
002,361,317,317,237,,,21,6,2018,20,3,9,560.40,21.53,954.28,500.90
002,361,313,317,248,,,21,6,2018,20,8,9,558.10,21.33,954.24,501.20
002,313,289,271,213,,,21,6,2018,20,13,9,558.10,21.15,954.35,500.26
002,242,220,207,198,,,21,6,2018,20,18,9,552.70,21.11,954.37,500.06
002,229,224,210,164,,,21,6,2018,20,23,9,557.50,21.07,954.17,501.88
002,123,108,105,92,,,21,6,2018,20,28,9,554.50,20.22,954.11,502.41
002,9,8,9,8,,,21,6,2018,20,33,9,552.50,18.53,954.12,502.32
002,80,97,82,34,,,21,6,2018,20,38,9,560.30,17.22,954.21,501.48
002,9,8,9,8,,,21,6,2018,20,43,9,558.20,16.60,954.14,502.09
002,9,8,9,8,,,21,6,2018,20,48,9,558.80,15.90,954.19,501.65
002,9,8,11,8,,,21,6,2018,20,53,9,553.60,15.37,954.09,502.52
002,30,26,22,14,,,22,6,2018,12,43,9,568.30,8.04,952.54,516.09
002,95,118,100,47,,,22,6,2018,12,48,9,557.10,8.22,952.58,515.77
002,133,136,119,112,,,22,6,2018,12,53,9,555.80,9.36,952.57,515.86
002,150,138,127,111,,,22,6,2018,12,58,9,555.70,9.93,952.54,516.10
002,177,185,186,133,,,22,6,2018,13,3,9,552.70,10.21,952.66,515.05
002,249,238,213,181,,,22,6,2018,13,8,9,553.60,11.03,952.75,514.26
002,283,275,241,205,,,22,6,2018,13,13,9,557.50,11.62,952.74,514.33
002,281,272,245,203,,,22,6,2018,13,18,9,550.80,12.06,952.75,514.30
002,233,237,193,159,,,22,6,2018,13,23,9,555.40,11.78,952.86,513.26
002,229,209,200,159,,,22,6,2018,13,28,9,555.30,11.10,952.95,512.50
002,174,167,132,123,,,22,6,2018,13,33,9,554.40,10.92,952.97,512.34
002,369,297,313,269,,,22,6,2018,13,38,9,561.00,10.86,952.99,512.19
002,331,307,289,223,,,22,6,2018,13,43,9,559.60,11.17,953.01,512.03
002,272,268,237,191,,,22,6,2018,13,48,9,550.00,12.05,953.06,511.53
002,417,376,377,275,,,22,6,2018,13,53,9,555.60,12.20,953.08,511.40
002,479,441,415,337,,,22,6,2018,13,58,9,557.60,12.17,953.07,511.48
002,477,421,409,321,,,22,6,2018,14,3,9,558.00,12.84,953.04,511.69
002,465,432,415,321,,,22,6,2018,14,8,9,554.80,13.48,953.16,510.67
002,505,465,453,374,,,22,6,2018,14,13,9,558.80,14.04,953.29,509.54
002,516,465,469,363,,,22,6,2018,14,18,9,558.70,13.86,953.43,508.30
002,541,490,451,369,,,22,6,2018,14,23,9,556.10,14.11,953.47,507.95
002,453,437,387,321,,,22,6,2018,14,28,9,556.30,14.35,953.56,507.17
002,509,459,445,361,,,22,6,2018,14,33,9,558.20,14.69,953.69,506.02
002,508,461,440,342,,,22,6,2018,14,38,9,558.60,14.86,953.77,505.33
002,569,521,499,389,,,22,6,2018,14,43,9,561.10,15.24,953.90,504.22
002,440,397,353,296,,,22,6,2018,14,48,9,558.70,14.85,953.95,503.73
002,580,561,527,437,,,22,6,2018,14,53,9,553.70,15.59,954.03,503.05
002,599,537,554,460,,,22,6,2018,14,58,9,555.50,15.41,954.03,503.09
002,587,549,523,440,,,22,6,2018,15,3,9,556.00,15.65,954.06,502.79
002,720,629,621,496,,,22,6,2018,15,8,9,553.30,16.60,954.12,502.25
002,594,517,508,404,,,22,6,2018,15,13,9,555.20,16.77,954.16,501.90
002,712,665,631,490,,,22,6,2018,15,18,9,558.00,16.52,954.14,502.10
002,749,654,671,541,,,22,6,2018,15,23,9,556.60,17.55,954.21,501.54
002,721,636,628,516,,,22,6,2018,15,28,9,555.60,18.30,954.25,501.19
002,796,702,684,584,,,22,6,2018,15,33,9,554.90,17.87,954.28,500.85
002,623,561,566,409,,,22,6,2018,15,38,9,555.40,17.15,954.21,501.50
002,721,637,625,500,,,22,6,2018,15,43,9,553.90,17.04,954.18,501.75
002,625,561,564,461,,,22,6,2018,15,48,9,549.90,17.59,954.27,500.97
002,621,520,548,413,,,22,6,2018,15,53,9,557.60,17.37,954.21,501.51
002,685,622,591,477,,,22,6,2018,15,58,9,564.20,17.76,954.22,501.42
002,724,641,669,513,,,22,6,2018,16,3,9,561.60,18.41,954.17,501.87
002,808,716,689,521,,,22,6,2018,16,8,9,565.00,18.79,954.15,502.05
002,836,735,716,581,,,22,6,2018,16,13,9,561.40,19.83,954.16,501.95
002,648,545,581,461,,,22,6,2018,16,18,9,558.60,19.50,954.07,502.76
002,573,519,500,397,,,22,6,2018,16,23,9,559.80,19.17,953.93,503.95
002,537,502,512,402,,,22,6,2018,16,28,9,545.40,19.26,953.92,504.03
002,665,593,593,461,,,22,6,2018,16,33,9,551.00,19.50,953.75,505.49
002,589,525,508,422,,,22,6,2018,16,38,9,554.00,20.30,953.68,506.14
002,589,537,536,397,,,22,6,2018,16,43,9,551.50,20.57,953.63,506.60
002,585,513,485,440,,,22,6,2018,16,48,9,553.50,20.51,953.49,507.83
002,720,632,622,472,,,22,6,2018,16,53,9,555.80,20.51,953.39,508.66
002,681,601,587,492,,,22,6,2018,16,58,9,555.90,20.58,953.27,509.72
002,636,595,596,453,,,22,6,2018,17,3,9,556.70,21.40,953.24,510.00
002,505,428,440,363,,,22,6,2018,17,8,9,555.70,21.40,953.12,511.03
002,572,480,457,404,,,22,6,2018,17,13,9,555.70,20.91,952.98,512.27
002,568,504,497,364,,,22,6,2018,17,18,9,558.60,20.63,953.04,511.71
002,653,553,541,486,,,22,6,2018,17,23,9,555.30,21.34,953.04,511.77
002,549,516,501,380,,,22,6,2018,17,28,9,556.50,21.58,952.96,512.41
002,589,508,509,417,,,22,6,2018,17,33,9,554.60,20.65,952.85,513.38
002,605,541,499,421,,,22,6,2018,17,38,9,556.00,20.67,952.85,513.38
002,499,460,448,373,,,22,6,2018,17,43,9,553.60,20.26,952.69,514.80
002,460,419,417,330,,,22,6,2018,17,48,9,550.60,19.79,952.63,515.33
002,384,358,336,261,,,22,6,2018,17,53,9,550.90,19.77,952.64,515.20
002,335,308,293,230,,,22,6,2018,17,58,9,557.50,20.42,952.69,514.77
002,297,264,249,199,,,22,6,2018,18,3,9,556.50,18.87,952.67,514.97
002,290,242,272,184,,,22,6,2018,18,8,9,555.70,18.11,952.58,515.75
002,294,244,297,213,,,22,6,2018,18,13,9,557.90,17.82,952.57,515.87
002,294,269,249,232,,,22,6,2018,18,18,9,561.40,17.61,952.54,516.11
002,241,219,201,190,,,22,6,2018,18,23,9,557.60,16.75,952.62,515.41
002,365,333,324,281,,,22,6,2018,18,28,9,553.00,17.62,952.63,515.29
002,289,284,261,206,,,22,6,2018,18,33,9,553.70,17.55,952.60,515.55
002,387,343,355,280,,,22,6,2018,18,38,9,556.60,17.08,952.67,514.97
002,311,293,275,213,,,22,6,2018,18,43,9,557.00,17.77,952.81,513.73
002,346,304,307,233,,,22,6,2018,18,48,9,550.30,17.62,952.78,514.02
002,409,393,397,319,,,22,6,2018,18,53,9,553.90,17.86,952.88,513.09
002,297,289,265,213,,,22,6,2018,18,58,9,551.00,17.53,952.86,513.34
002,227,207,188,149,,,22,6,2018,19,3,9,549.00,17.11,953.00,512.06
002,166,164,136,119,,,22,6,2018,19,8,9,551.40,16.84,952.98,512.26
002,129,134,111,135,,,22,6,2018,19,13,9,550.90,16.00,953.04,511.74
002,138,132,131,112,,,22,6,2018,19,18,9,548.20,16.19,953.04,511.70
002,149,128,123,103,,,22,6,2018,19,23,9,557.80,16.16,952.94,512.57
002,122,132,130,106,,,22,6,2018,19,28,9,551.70,16.18,952.96,512.40
002,100,105,95,48,,,22,6,2018,19,33,9,550.30,16.13,953.10,511.20
002,36,25,29,19,,,22,6,2018,19,38,9,561.30,15.58,953.02,511.91
002,77,61,57,37,,,22,6,2018,19,43,9,559.90,15.34,952.84,513.52
002,130,119,116,101,,,22,6,2018,19,48,9,552.50,15.59,952.79,513.95
002,198,175,148,129,,,22,6,2018,19,53,9,555.10,15.78,952.84,513.51
002,151,136,153,129,,,22,6,2018,19,58,9,562.10,15.78,952.94,512.62
002,133,117,105,101,,,22,6,2018,20,3,9,557.60,15.33,953.13,510.95
002,90,105,81,55,,,22,6,2018,20,8,9,556.70,14.97,953.24,509.95
002,113,112,92,96,,,22,6,2018,20,13,9,557.60,14.95,953.21,510.28
002,9,8,9,8,,,22,6,2018,20,18,9,552.00,14.49,953.22,510.17
002,71,45,68,31,,,22,6,2018,20,23,9,557.60,14.15,953.23,510.04
002,64,48,65,31,,,22,6,2018,20,28,9,557.00,13.95,953.37,508.85
002,76,40,68,27,,,22,6,2018,20,33,9,560.10,13.98,953.51,507.62
002,31,22,32,18,,,22,6,2018,20,38,9,563.20,13.78,953.63,506.58
002,9,8,11,8,,,22,6,2018,20,43,9,558.20,13.41,953.60,506.84
002,10,8,11,8,,,22,6,2018,20,48,9,555.00,12.95,953.61,506.72
002,9,8,9,8,,,22,6,2018,20,53,9,555.10,12.51,953.64,506.48
002,8,7,9,7,,,23,6,2018,12,43,9,559.20,6.48,955.90,486.77
002,8,7,9,7,,,23,6,2018,12,48,9,556.60,6.54,955.93,486.43
002,8,7,8,7,,,23,6,2018,12,53,9,554.30,6.64,956.00,485.85
002,9,7,9,7,,,23,6,2018,12,58,9,553.70,6.93,956.02,485.72
002,8,7,8,8,,,23,6,2018,13,3,9,557.80,7.07,956.10,484.97
002,8,7,10,8,,,23,6,2018,13,8,9,553.60,7.11,956.10,485.02
002,9,7,9,8,,,23,6,2018,13,13,9,557.30,7.17,955.98,486.02
002,9,7,10,8,,,23,6,2018,13,18,9,560.50,7.31,956.05,485.41
002,10,7,9,8,,,23,6,2018,13,23,9,555.40,7.52,956.00,485.86
002,8,7,9,7,,,23,6,2018,13,28,9,556.50,7.74,956.08,485.15
002,9,7,8,7,,,23,6,2018,13,33,9,559.00,7.79,956.06,485.31
002,9,7,9,8,,,23,6,2018,13,38,9,555.50,7.81,956.04,485.54
002,8,7,12,8,,,23,6,2018,13,43,9,560.40,7.86,956.10,485.01
002,8,7,10,7,,,23,6,2018,13,48,9,559.10,7.87,956.19,484.20
002,9,7,10,8,,,23,6,2018,13,53,9,558.90,7.85,956.23,483.89
002,8,7,9,8,,,23,6,2018,13,58,9,559.00,7.84,956.26,483.57
002,11,7,9,7,,,23,6,2018,14,3,9,556.50,7.95,956.36,482.76
002,9,7,12,8,,,23,6,2018,14,8,9,559.00,8.08,956.30,483.23
002,8,7,13,8,,,23,6,2018,14,13,9,560.00,8.15,956.42,482.16
002,9,7,9,8,,,23,6,2018,14,18,9,558.90,8.32,956.47,481.78
002,11,7,10,8,,,23,6,2018,14,23,9,557.70,8.41,956.46,481.82
002,9,7,9,8,,,23,6,2018,14,28,9,558.70,8.57,956.56,481.00
002,9,8,11,8,,,23,6,2018,14,33,9,556.30,8.86,956.49,481.55
002,8,7,8,8,,,23,6,2018,14,38,9,555.20,8.86,956.50,481.51
002,8,7,13,8,,,23,6,2018,14,43,9,559.80,9.03,956.53,481.23
002,8,7,9,7,,,23,6,2018,14,48,9,560.00,9.12,956.40,482.39
002,8,7,9,8,,,23,6,2018,14,53,9,558.20,9.32,956.33,483.01
002,9,7,9,7,,,23,6,2018,14,58,9,554.40,9.41,956.38,482.53
002,9,7,9,8,,,23,6,2018,15,3,9,555.40,9.59,956.35,482.80
002,8,7,9,8,,,23,6,2018,15,8,9,555.90,10.30,956.36,482.73
002,9,7,9,8,,,23,6,2018,15,13,9,555.30,10.63,956.16,484.50
002,8,7,9,8,,,23,6,2018,15,18,9,560.50,10.92,956.17,484.38
002,8,7,9,8,,,23,6,2018,15,23,9,565.70,11.44,956.25,483.68
002,9,7,9,8,,,23,6,2018,15,28,9,559.20,12.07,956.01,485.78
002,8,7,8,8,,,23,6,2018,15,33,9,563.00,12.14,956.18,484.26
002,8,7,9,8,,,23,6,2018,15,38,9,556.30,11.45,956.08,485.15
002,8,7,9,8,,,23,6,2018,15,43,9,550.70,11.11,955.97,486.10
002,9,7,9,8,,,23,6,2018,15,48,9,554.00,10.80,956.09,485.08
002,9,7,9,8,,,23,6,2018,15,53,9,562.20,11.03,955.93,486.45
002,9,7,9,8,,,23,6,2018,15,58,9,558.10,10.73,956.03,485.60
002,9,7,9,8,,,23,6,2018,16,3,9,556.70,11.41,956.14,484.64
002,9,7,9,8,,,23,6,2018,16,8,9,558.60,11.69,955.94,486.38
002,8,7,9,8,,,23,6,2018,16,13,9,556.50,11.21,955.86,487.12
002,8,8,9,8,,,23,6,2018,16,18,9,552.20,10.62,955.81,487.52
002,8,7,10,8,,,23,6,2018,16,23,9,553.30,10.48,955.70,488.48
002,10,7,9,8,,,23,6,2018,16,28,9,552.20,10.77,955.81,487.55
002,8,7,9,8,,,23,6,2018,16,33,9,554.60,11.00,955.59,489.46
002,9,7,9,8,,,23,6,2018,16,38,9,544.80,11.04,955.52,490.03
002,9,7,10,8,,,23,6,2018,16,43,9,550.00,11.11,955.40,491.07
002,8,7,9,8,,,23,6,2018,16,48,9,553.30,11.38,955.35,491.51
002,8,7,9,8,,,23,6,2018,16,53,9,555.20,11.70,955.29,492.07
002,9,7,8,8,,,23,6,2018,16,58,9,553.90,11.91,955.23,492.60
002,8,7,9,8,,,23,6,2018,17,3,9,555.20,12.03,955.14,493.39
002,9,8,9,8,,,23,6,2018,17,8,9,554.40,12.18,955.13,493.45
002,9,7,9,8,,,23,6,2018,17,13,9,562.80,12.26,955.06,494.03
002,9,7,8,8,,,23,6,2018,17,18,9,559.20,12.08,954.97,494.86
002,9,7,9,8,,,23,6,2018,17,23,9,555.20,11.82,954.87,495.71
002,8,7,9,8,,,23,6,2018,17,28,9,556.30,11.75,954.90,495.46
002,8,7,10,8,,,23,6,2018,17,33,9,558.70,12.08,954.79,496.45
002,10,7,11,8,,,23,6,2018,17,38,9,549.90,11.96,954.74,496.85
002,8,7,9,8,,,23,6,2018,17,43,9,555.10,12.06,954.70,497.22
002,9,7,9,8,,,23,6,2018,17,48,9,553.90,12.25,954.74,496.83
002,9,8,9,8,,,23,6,2018,17,53,9,558.30,12.10,954.66,497.55
002,9,7,9,8,,,23,6,2018,17,58,9,559.60,11.97,954.53,498.73
002,8,7,9,8,,,23,6,2018,18,3,9,555.20,11.77,954.53,498.75
002,8,7,8,8,,,23,6,2018,18,8,9,560.30,12.10,954.51,498.91
002,9,7,9,8,,,23,6,2018,18,13,9,563.30,12.53,954.53,498.68
002,10,7,9,8,,,23,6,2018,18,18,9,558.30,13.05,954.48,499.13
002,9,8,9,8,,,23,6,2018,18,23,9,543.30,13.36,954.48,499.18
002,31,20,37,10,,,23,6,2018,18,28,9,552.10,13.57,954.39,499.90
002,8,7,9,8,,,23,6,2018,18,33,9,553.50,13.82,954.50,498.97
002,9,8,9,8,,,23,6,2018,18,38,9,557.90,14.00,954.57,498.33
002,9,7,9,8,,,23,6,2018,18,43,9,557.40,13.74,954.45,499.38
002,8,7,9,8,,,23,6,2018,18,48,9,553.30,13.94,954.49,499.02
002,14,9,13,8,,,23,6,2018,18,53,9,553.50,13.47,954.58,498.22
002,8,8,9,8,,,23,6,2018,18,58,9,550.30,13.43,954.48,499.14
002,16,8,13,8,,,23,6,2018,19,3,9,554.60,13.66,954.55,498.55
002,10,8,12,8,,,23,6,2018,19,8,9,553.00,13.02,954.43,499.55
002,9,7,9,8,,,23,6,2018,19,13,9,555.90,12.42,954.41,499.71
002,8,7,9,8,,,23,6,2018,19,18,9,557.20,12.24,954.34,500.37
002,61,48,48,30,,,23,6,2018,19,23,9,555.80,12.19,954.33,500.43
002,137,135,129,100,,,23,6,2018,19,28,9,551.70,13.41,954.46,499.33
002,9,8,9,8,,,23,6,2018,19,33,9,560.60,12.60,954.24,501.20
002,9,7,9,9,,,23,6,2018,19,38,9,559.40,12.08,954.20,501.60
002,19,11,18,9,,,23,6,2018,19,43,9,559.80,12.42,954.18,501.76
002,9,7,9,8,,,23,6,2018,19,48,9,555.20,12.35,954.18,501.79
002,8,7,9,8,,,23,6,2018,19,53,9,557.10,12.04,954.01,503.21
002,9,7,9,8,,,23,6,2018,19,58,9,558.60,11.95,954.07,502.71
002,8,8,9,8,,,23,6,2018,20,3,9,560.60,12.07,953.93,503.93
002,9,7,9,8,,,23,6,2018,20,8,9,559.30,12.21,953.93,503.99
002,57,33,57,29,,,23,6,2018,20,13,9,555.30,12.78,953.99,503.40
002,9,7,9,8,,,23,6,2018,20,18,9,555.10,12.64,954.02,503.17
002,137,118,116,128,,,23,6,2018,20,23,9,549.20,13.56,954.04,502.96
002,145,135,125,116,,,23,6,2018,20,28,9,560.30,14.19,953.96,503.70
002,101,94,93,53,,,23,6,2018,20,33,9,556.90,14.35,953.99,503.43
002,85,71,81,64,,,23,6,2018,20,38,9,557.70,14.47,954.09,502.59
002,9,8,9,8,,,23,6,2018,20,43,9,558.50,14.37,954.04,503.01
002,9,7,9,9,,,23,6,2018,20,48,9,553.00,14.19,954.08,502.59
002,9,8,10,8,,,23,6,2018,20,53,9,557.90,13.91,954.15,502.06
002,8,7,8,8,,,24,6,2018,12,48,9,554.80,8.56,954.54,498.65
002,8,7,8,7,,,24,6,2018,12,53,9,552.50,8.46,954.65,497.65
002,8,7,108,7,,,24,6,2018,12,58,9,554.30,8.46,954.61,497.99
002,8,7,8,7,,,24,6,2018,13,3,9,552.80,8.51,954.62,497.91
002,12,7,8,7,,,24,6,2018,13,18,9,557.50,8.45,954.80,496.36
002,7,7,8,8,,,24,6,2018,13,23,9,554.30,8.26,954.89,495.53
002,7,7,8,8,,,24,6,2018,13,28,9,560.10,8.11,954.89,495.58
002,7,7,8,7,,,24,6,2018,13,33,9,562.40,8.16,954.97,494.85
002,7,7,9,8,,,24,6,2018,13,38,9,558.10,8.29,954.91,495.40
002,7,7,8,7,,,24,6,2018,13,43,9,559.80,8.28,955.05,494.14
002,7,7,9,7,,,24,6,2018,13,48,9,562.00,8.31,955.17,493.13
002,8,7,9,7,,,24,6,2018,13,53,9,556.80,8.42,955.27,492.20
002,7,7,8,7,,,24,6,2018,13,58,9,556.50,8.51,955.28,492.15
002,7,7,8,7,,,24,6,2018,14,3,9,552.50,8.62,955.32,491.81
002,7,7,9,7,,,24,6,2018,14,8,9,558.50,9.00,955.41,491.02
002,7,7,9,7,,,24,6,2018,14,13,9,553.30,9.12,955.51,490.17
002,8,7,8,8,,,24,6,2018,14,18,9,554.20,9.15,955.61,489.26
002,8,7,9,8,,,24,6,2018,14,23,9,555.50,9.12,955.61,489.29
002,7,7,8,8,,,24,6,2018,14,28,9,559.20,9.15,955.57,489.62
002,8,7,9,7,,,24,6,2018,14,33,9,560.10,9.36,955.75,488.08
002,7,7,9,8,,,24,6,2018,14,38,9,549.20,9.66,955.76,487.96
002,7,7,8,8,,,24,6,2018,14,43,9,550.00,9.77,955.80,487.58
002,8,8,9,8,,,24,6,2018,14,48,9,550.20,10.30,955.82,487.47
002,8,7,8,8,,,24,6,2018,14,53,9,565.60,10.46,955.90,486.71
002,8,593,8,427,,,24,6,2018,14,58,9,558.80,12.38,955.95,486.26
002,10,553,9,301,,,24,6,2018,15,3,9,554.00,14.89,956.17,484.39
002,194,307,8,232,,,24,6,2018,15,8,9,559.20,14.69,956.26,483.55
002,185,319,235,289,,,24,6,2018,15,13,9,556.20,14.63,956.37,482.64
002,110,181,150,117,,,24,6,2018,15,18,9,555.20,14.89,956.38,482.58
002,8,7,19,8,,,24,6,2018,15,23,9,556.70,13.18,956.40,482.38
002,8,7,7,8,,,24,6,2018,15,28,9,557.00,12.38,956.50,481.48
002,8,7,7,8,,,24,6,2018,15,33,9,557.20,11.91,956.33,483.01
002,8,7,8,8,,,24,6,2018,15,38,9,554.10,12.05,956.43,482.14
002,8,7,7,8,,,24,6,2018,15,43,9,553.60,12.15,956.36,482.74
002,8,7,7,8,,,24,6,2018,15,48,9,555.40,12.09,956.54,481.13
002,8,7,7,8,,,24,6,2018,15,53,9,553.20,11.78,956.61,480.57
002,8,7,7,8,,,24,6,2018,15,58,9,561.10,12.08,956.62,480.46
002,8,7,7,8,,,24,6,2018,16,3,9,550.70,12.60,956.64,480.32
002,8,7,7,8,,,24,6,2018,16,8,9,557.80,13.16,956.59,480.69
002,8,8,8,8,,,24,6,2018,16,13,9,556.20,14.26,956.56,480.99
002,228,325,443,229,,,24,6,2018,16,18,9,554.50,15.49,956.59,480.69
002,272,456,646,393,,,24,6,2018,16,23,9,554.50,16.65,956.41,482.25
002,572,705,887,565,,,24,6,2018,16,28,9,559.60,17.06,956.50,481.50
002,606,743,1380,601,,,24,6,2018,16,33,9,553.20,18.82,956.46,481.86
002,9,9,8,8,,,24,6,2018,16,38,9,555.10,18.05,956.38,482.54
002,77,109,87,79,,,24,6,2018,16,43,9,553.50,17.34,956.34,482.93
002,9,8,8,8,,,24,6,2018,16,48,9,550.40,17.09,956.20,484.14
002,8,8,8,8,,,24,6,2018,16,53,9,556.40,19.30,956.33,483.01
002,8,7,7,8,,,24,6,2018,16,58,9,559.90,19.67,956.24,483.79
002,787,792,1478,640,,,24,6,2018,17,3,9,558.80,18.24,956.06,485.35
002,732,804,1723,658,,,24,6,2018,17,8,9,557.00,18.11,956.03,485.60
002,222,289,507,317,,,24,6,2018,17,13,9,557.60,18.16,956.03,485.60
002,324,529,583,354,,,24,6,2018,17,18,9,555.00,18.63,956.01,485.81
002,8,7,7,8,,,24,6,2018,17,23,9,558.10,19.61,956.05,485.39
002,1169,905,1561,713,,,24,6,2018,17,28,9,560.50,20.16,956.10,485.00
002,1167,927,1654,749,,,24,6,2018,17,33,9,559.40,20.55,956.06,485.35
002,835,704,1400,599,,,24,6,2018,17,38,9,551.70,21.94,956.06,485.38
002,10,8,8,8,,,24,6,2018,17,43,9,559.40,23.00,956.05,485.46
002,452,616,925,366,,,24,6,2018,17,48,9,562.20,23.09,955.99,485.92
002,8,7,7,8,,,24,6,2018,17,53,9,558.80,21.42,955.97,486.16
002,8,7,7,8,,,24,6,2018,17,58,9,553.60,19.21,955.89,486.81
002,8,7,7,8,,,24,6,2018,18,3,9,551.20,18.65,956.03,485.59
002,715,601,909,482,,,24,6,2018,18,8,9,556.50,21.91,956.08,485.18
002,9,8,8,8,,,24,6,2018,18,13,9,555.30,23.65,955.95,486.31
002,713,501,1309,383,,,24,6,2018,18,18,9,552.80,23.20,955.98,486.00
002,8,8,8,8,,,24,6,2018,18,23,9,552.00,23.16,955.90,486.78
002,838,578,1283,458,,,24,6,2018,18,28,9,546.00,22.85,955.86,487.05
002,8,8,8,8,,,24,6,2018,18,33,9,555.00,22.99,955.93,486.46
002,8,8,8,8,,,24,6,2018,18,38,9,557.30,23.19,955.92,486.54
002,721,438,979,328,,,24,6,2018,18,43,9,559.80,22.71,955.81,487.56
002,9,8,8,8,,,24,6,2018,18,48,9,555.10,21.73,955.73,488.25
002,9,7,8,8,,,24,6,2018,18,53,9,557.40,21.47,955.72,488.30
002,430,449,738,314,,,24,6,2018,18,58,9,553.80,20.58,955.70,488.45
002,313,420,568,326,,,24,6,2018,19,3,9,551.00,20.39,955.74,488.14
002,17,7,8,8,,,24,6,2018,19,8,9,553.40,20.89,955.84,487.24
002,8,7,8,8,,,24,6,2018,19,13,9,550.20,21.04,955.87,487.02
002,337,401,663,305,,,24,6,2018,19,18,9,553.50,20.84,955.77,487.90
002,8,8,8,8,,,24,6,2018,19,23,9,553.30,20.97,955.75,488.05
002,9,8,8,8,,,24,6,2018,19,28,9,558.60,20.23,955.73,488.24
002,198,313,550,241,,,24,6,2018,19,33,9,559.30,18.92,955.82,487.41
002,123,281,216,197,,,24,6,2018,19,38,9,548.20,19.20,955.89,486.81
002,126,240,276,173,,,24,6,2018,19,43,9,553.20,18.45,955.93,486.49
002,130,240,271,156,,,24,6,2018,19,48,9,558.80,18.24,955.88,486.90
002,78,193,91,128,,,24,6,2018,19,53,9,555.60,17.62,955.92,486.56
002,97,195,85,150,,,24,6,2018,19,58,9,552.30,17.28,955.99,485.97
002,605,164,114,128,,,24,6,2018,20,3,9,559.00, NAN, NAN, NAN
002,8,8,7,8,,,24,6,2018,20,8,9,558.20,,,
002,1099,245,270,168,,,24,6,2018,20,13,9,555.80,,,
002,844,208,197,128,,,24,6,2018,20,18,9,553.20,,,
002,197,192,104,116,,,24,6,2018,20,23,9,560.20,,,
002,87,65,49,32,,,24,6,2018,20,28,9,551.30,,,
002,176,176,84,116,,,24,6,2018,20,33,9,560.70,,,
002,153,144,76,108,,,24,6,2018,20,38,9,558.10,,,
002,107,89,42,104,,,24,6,2018,20,43,9,554.80,,,
002,95,86,35,40,,,24,6,2018,20,48,9,555.90,,,
002,9,8,8,8,,,24,6,2018,20,53,9,557.50, NAN, NAN, NAN
002,10,7,7,8,,,25,6,2018,12,43,8,555.50,5.78,958.36,465.31
002,9,7,8,8,,,25,6,2018,12,48,8,548.30,6.33,958.52,463.92
002,9,7,7,7,,,25,6,2018,12,53,8,543.00,6.66,958.55,463.63
002,9,7,8,8,,,25,6,2018,12,58,8,554.00,6.79,958.46,464.40
002,8,7,7,8,,,25,6,2018,13,3,8,557.80,7.27,958.51,464.02
002,10,7,7,8,,,25,6,2018,13,8,8,557.30,7.61,958.55,463.62
002,8,7,7,8,,,25,6,2018,13,13,8,557.90,8.03,958.55,463.67
002,10,7,7,8,,,25,6,2018,13,18,8,557.60,8.33,958.56,463.58
002,9,7,7,8,,,25,6,2018,13,23,8,557.40,8.32,958.50,464.09
002,9,7,7,8,,,25,6,2018,13,28,8,559.10,7.90,958.40,464.96
002,9,7,7,8,,,25,6,2018,13,33,8,560.20,7.96,958.22,466.50
002,9,7,7,7,,,25,6,2018,13,38,8,557.00,8.46,958.40,464.93
002,9,8,7,8,,,25,6,2018,13,43,8,559.40,8.67,958.45,464.54
002,9,7,7,8,,,25,6,2018,13,48,8,556.00,8.72,958.42,464.81
002,9,7,7,7,,,25,6,2018,13,53,8,556.70,8.84,958.45,464.46
002,9,8,8,8,,,25,6,2018,13,58,8,560.10,8.92,958.41,464.84
002,9,7,7,8,,,25,6,2018,14,3,8,556.70,8.79,958.45,464.53
002,10,8,8,8,,,25,6,2018,14,8,8,558.70,8.77,958.46,464.37
002,10,7,7,8,,,25,6,2018,14,13,8,556.00,8.94,958.56,463.58
002,11,8,8,8,,,25,6,2018,14,18,8,556.50,9.21,958.58,463.34
002,11,7,7,8,,,25,6,2018,14,23,8,559.80,9.53,958.53,463.82
002,9,7,7,8,,,25,6,2018,14,28,8,557.30,10.20,958.46,464.44
002,9,7,7,8,,,25,6,2018,14,33,8,556.60,10.86,958.38,465.11
002,9,7,7,8,,,25,6,2018,14,38,8,557.20,11.60,958.38,465.10
002,9,7,7,8,,,25,6,2018,14,43,8,552.30,11.59,958.37,465.20
002,9,7,7,8,,,25,6,2018,14,48,8,556.20,11.72,958.46,464.46
002,9,8,8,9,,,25,6,2018,14,53,8,562.50,11.67,958.52,463.90
002,9,7,7,8,,,25,6,2018,14,58,8,561.20,11.57,958.50,464.06
002,8,8,7,8,,,25,6,2018,15,3,8,558.90,11.57,958.60,463.19
002,9,8,8,8,,,25,6,2018,15,8,8,558.50,11.43,958.52,463.87
002,8,7,7,8,,,25,6,2018,15,13,8,555.20,11.59,958.59,463.31
002,9,8,7,8,,,25,6,2018,15,18,8,558.10,11.77,958.61,463.13
002,9,7,7,8,,,25,6,2018,15,23,8,557.00,11.59,958.54,463.74
002,8,7,7,8,,,25,6,2018,15,28,8,552.80,11.94,958.39,464.99
002,9,8,7,8,,,25,6,2018,15,33,8,555.00,12.32,958.18,466.84
002,9,7,7,8,,,25,6,2018,15,38,8,551.40,12.71,957.91,469.24
002,9,8,7,8,,,25,6,2018,15,43,8,552.80,11.82,957.54,472.42
002,9,8,8,9,,,25,6,2018,15,48,8,554.50,11.49,957.43,473.41
002,9,7,7,8,,,25,6,2018,15,53,8,559.40,12.53,957.58,472.07
002,9,8,7,8,,,25,6,2018,15,58,8,554.60,13.56,957.63,471.65
002,422,465,166,264,,,25,6,2018,16,3,8,554.30, NAN, NAN, NAN
002,8,8,7,8,,,25,6,2018,16,8,8,557.90,15.01,957.55,472.34
002,8,7,7,8,,,25,6,2018,16,13,8,556.80,16.14,957.48,472.93
002,8,8,7,8,,,25,6,2018,16,18,8,539.30,18.07,957.56,472.29
002,760,729,967,519,,,25,6,2018,16,23,8,551.50,17.98,957.53,472.48
002,10,8,8,9,,,25,6,2018,16,28,8,553.70,17.79,957.45,473.26
002,793,684,1377,547,,,25,6,2018,16,33,8,551.10,17.81,957.46,473.10
002,9,8,8,9,,,25,6,2018,16,38,8,556.30,18.01,957.53,472.54
002,8,7,7,8,,,25,6,2018,16,43,8,554.00,17.20,957.46,473.14
002,9,8,7,8,,,25,6,2018,16,48,8,558.60,17.64,957.32,474.39
002,8,8,8,8,,,25,6,2018,16,53,8,558.50,18.04,957.20,475.41
002,9,8,8,9,,,25,6,2018,16,58,8,556.50,18.40,957.16,475.72
002,9,8,8,9,,,25,6,2018,17,3,8,552.20,18.93,957.07,476.56
002,9,8,8,8,,,25,6,2018,17,8,8,554.30,18.99,956.99,477.23
002,9,8,7,8,,,25,6,2018,17,13,8,553.80,18.20,956.89,478.08
002,9,8,8,9,,,25,6,2018,17,18,8,553.40,18.89,956.93,477.79
002,9,7,7,8,,,25,6,2018,17,23,8,549.00,18.72,957.08,476.47
002,8,8,8,8,,,25,6,2018,17,28,8,553.00,20.42,957.17,475.66
002,8,8,8,8,,,25,6,2018,17,33,8,550.60,20.52,957.13,476.01
002,8,8,8,8,,,25,6,2018,17,38,8,552.50,20.92,957.00,477.12
002,9,7,9,8,,,25,6,2018,17,43,8,562.40,21.33,956.98,477.34
002,9,8,8,8,,,25,6,2018,17,48,8,553.20,21.69,957.11,476.19
002,10,9,9,9,,,25,6,2018,17,53,8,554.20,21.41,957.04,476.77
002,9,8,8,9,,,25,6,2018,17,58,8,555.00,21.01,956.99,477.25
002,9,9,8,9,,,25,6,2018,18,3,8,557.00,20.90,956.98,477.30
002,388,308,381,236,,,25,6,2018,18,8,8,557.00,20.45,956.92,477.87
002,9,8,8,8,,,25,6,2018,18,13,8,554.10,21.45,956.88,478.17
002,9,9,9,9,,,25,6,2018,18,18,8,555.70,22.44,956.88,478.22
002,9,8,9,8,,,25,6,2018,18,23,8,549.00,20.52,956.78,479.05
002,9,8,8,9,,,25,6,2018,18,28,8,557.70,19.56,956.82,478.75
002,10,8,9,9,,,25,6,2018,18,33,8,555.90,19.45,956.77,479.12
002,9,8,9,9,,,25,6,2018,18,38,8,556.40,18.55,956.59,480.69
002,9,8,9,8,,,25,6,2018,18,43,8,549.80,17.94,956.69,479.83
002,9,9,9,9,,,25,6,2018,18,48,8,548.80,17.11,956.68,479.97
002,9,8,9,9,,,25,6,2018,18,53,8,548.20,16.90,956.63,480.33
002,9,8,8,8,,,25,6,2018,18,59,22,549.90,16.35,956.64,480.32
002,8,8,9,8,,,25,6,2018,19,5,5,551.20,15.91,956.51,481.40
002,9,7,9,8,,,25,6,2018,19,10,25,553.40,15.62,956.38,482.54
002,6,6,6,6,,,6,1,2080,0,0,13,,21.42,959.25,457.57
001,1388,1312,1024,948,,,25,6,2018,23,15,41,,22.15,959.09,458.96
002,6,5,6,5,,,27,6,2018,12,16,18,, NAN, NAN, NAN
002,6,5,6,6,,,27,6,2018,12,41,58,561.60, NAN, NAN, NAN
002,8,7,12,9,,,27,6,2018,12,53,9,555.70, NAN, NAN, NAN
002,6,5,5,6,,,27,6,2018,13,3,31,557.40,12.50,955.31,491.90
002,0,0,0,0,,,27,6,2018,14,57,10,, NAN, NAN, NAN
002,0,0,0,0,,,27,6,2018,15,20,20,629.50, NAN, NAN, NAN
002,4095,4095,4095,4095,,,27,6,2018,15,26,51,630.90,21.28,946.14,572.28
002,0,4095,31,4095,,,27,6,2018,15,33,33,630.90,,,
002,0,2048,0,0,,,27,6,2018,15,47,7,,,,
002,8,6,7,6,,,27,6,2018,18,3,56,642.70, NAN, NAN, NAN
002,846,762,732,569,,,27,6,2018,18,18,9,629.80, NAN, NAN, NAN
002,808,728,686,545,,,27,6,2018,18,23,9,631.90, NAN, NAN, NAN
002,840,713,703,531,,,27,6,2018,18,28,9,628.70, NAN, NAN, NAN
002,742,671,648,500,,,27,6,2018,18,33,9,628.90,28.49,943.24,597.85
002,745,659,649,488,,,27,6,2018,18,38,9,625.90,28.44,943.22,598.02
002,749,676,640,485,,,27,6,2018,18,43,9,625.50, NAN, NAN, NAN
002,744,662,641,514,,,27,6,2018,18,48,9,628.30, NAN, NAN, NAN
002,722,645,618,470,,,27,6,2018,18,53,9,624.80,28.35,943.08,599.25
002,689,621,600,457,,,27,6,2018,18,58,9,624.90,28.51,943.05,599.52
002,668,604,579,458,,,27,6,2018,19,3,9,623.60, NAN, NAN, NAN
002,644,604,549,417,,,27,6,2018,19,8,9,631.00,26.84,942.92,600.66
002,609,557,527,398,,,27,6,2018,19,13,9,626.70,26.59,942.82,601.51
002,609,577,529,405,,,27,6,2018,19,18,9,627.00, NAN, NAN, NAN
002,552,460,473,372,,,27,6,2018,19,23,9,636.40,25.30,942.80,601.70
002,551,497,465,369,,,27,6,2018,19,28,9,624.60,24.42,942.69,602.64
002,541,500,505,397,,,27,6,2018,19,33,9,631.60, NAN, NAN, NAN
002,504,459,425,329,,,27,6,2018,19,43,9,634.10,24.42,942.75,602.16
002,479,436,413,312,,,27,6,2018,19,48,9,628.70,24.38,942.69,602.72
002,521,460,437,337,,,27,6,2018,19,53,9,627.00, NAN, NAN, NAN
002,489,449,420,325,,,27,6,2018,19,58,9,631.30,23.97,942.73,602.36
002,513,470,432,337,,,27,6,2018,20,3,9,632.40,24.06,942.68,602.81
002,476,445,413,313,,,27,6,2018,20,8,9,631.30,23.26,942.77,602.02
002,9,8,9,9,,,27,6,2018,20,13,9,632.40,22.80,942.79,601.79
002,469,415,395,318,,,27,6,2018,20,18,9,628.80,22.75,942.77,602.01
002,420,383,351,272,,,27,6,2018,20,23,9,626.60,23.00,942.60,603.51
002,349,340,308,229,,,27,6,2018,20,28,9,637.90, NAN, NAN, NAN
002,313,305,273,209,,,27,6,2018,20,33,9,636.30, NAN, NAN, NAN
002,9,7,8,8,,,27,6,2018,20,38,9,633.20,21.14,942.65,603.03
002,9,7,8,8,,,27,6,2018,20,43,9,634.10, NAN, NAN, NAN
002,9,7,8,7,,,27,6,2018,20,48,9,630.90,20.82,942.69,602.71
002,8,7,28,8,,,27,6,2018,20,53,9,633.10,20.55,942.69,602.68
002,8,8,8,8,,,27,6,2018,20,58,9,631.50,20.04,942.71,602.49
002,0,0,0,0,,,7,7,2018,14,29,3,546.80, NAN, NAN, NAN
002,17,13,25,14,,,7,7,2018,14,43,7,543.70,21.12,957.52,472.57
002,881,768,760,589,,,7,7,2018,14,48,7,553.00,20.95,957.51,472.70
002,93,1868,42,78,,,7,7,2018,14,53,7,552.50,21.97,957.47,473.08
002,11,8,14,11,,,7,7,2018,14,58,5,553.60,21.60,957.39,473.78
002,0,0,0,0,,,7,7,2018,15,0,29,550.80, NAN, NAN, NAN
002,6,6,6,6,,,20,7,2018,15,56,33,, NAN, NAN, NAN
002,1169,1073,1051,801,,,20,7,2018,16,8,4,554.90,21.58,962.70,427.55
002,1144,1033,1016,768,,,20,7,2018,16,13,4,551.40,21.09,962.53,429.01
002,1198,1053,1049,799,,,20,7,2018,16,18,4,549.90,21.34,962.47,429.53
002,1136,1031,1017,755,,,20,7,2018,16,23,4,548.90,20.61,962.32,430.82
002,1153,1041,1033,786,,,20,7,2018,16,28,4,552.80,21.14,962.18,432.04
002,1148,1025,1021,781,,,20,7,2018,16,33,4,551.30, NAN, NAN, NAN
002,1152,1027,1027,769,,,20,7,2018,16,38,4,547.70,22.14,962.09,432.81
002,1156,1025,1006,768,,,20,7,2018,16,43,4,549.70,21.80,962.03,433.36
002,1179,1054,1056,797,,,20,7,2018,16,48,4,552.10,21.54,962.00,433.64
002,1185,1081,1084,821,,,20,7,2018,16,53,4,550.70,21.34,962.00,433.61
002,1245,1113,1097,836,,,20,7,2018,16,58,4,548.10,21.80,961.86,434.82
002,1213,1089,1089,816,,,20,7,2018,17,3,4,548.30,22.03,961.86,434.83
002,1180,1055,1049,788,,,20,7,2018,17,8,4,545.30,21.75,961.77,435.61
002,1152,1033,1033,781,,,20,7,2018,17,13,4,547.80,21.54,961.85,434.96
002,1152,1052,1053,785,,,20,7,2018,17,18,4,550.90,21.87,961.79,435.49
002,1149,1049,1036,761,,,20,7,2018,17,23,4,548.80,21.91,961.81,435.30
002,1127,1009,1004,751,,,20,7,2018,17,28,4,547.60,22.91,961.75,435.83
002,1127,1008,1004,764,,,20,7,2018,17,33,4,552.90,22.17,961.70,436.27
002,1108,957,989,750,,,20,7,2018,17,38,4,552.60,22.25,961.57,437.36
002,1096,1001,1009,733,,,20,7,2018,17,43,4,553.10,22.64,961.43,438.55
002,1081,980,966,724,,,20,7,2018,17,48,4,548.90,22.27,961.30,439.72
002,1078,984,974,745,,,20,7,2018,17,53,4,548.90,22.30,961.19,440.67
002,1117,1019,1048,756,,,20,7,2018,17,58,4,549.90,22.57,960.95,442.73
002,1129,1009,1012,761,,,20,7,2018,18,3,4,544.40,22.89,960.77,444.32
002,1101,991,977,744,,,20,7,2018,18,8,4,545.80,23.24,960.84,443.75
002,1053,945,908,624,,,20,7,2018,18,13,4,546.60,22.46,960.74,444.55
002,412,319,536,350,,,20,7,2018,18,18,4,546.50,19.45,960.54,446.28
002,9,8,8,19,,,20,7,2018,18,23,4,552.60,18.33,960.43,447.24
002,1092,977,973,729,,,20,7,2018,18,28,4,551.70,19.44,960.47,446.94
002,1087,980,1021,736,,,20,7,2018,18,33,4,553.00,19.59,960.44,447.20
002,1092,1014,964,733,,,20,7,2018,18,38,4,555.00,18.87,960.32,448.20
002,1105,988,969,716,,,20,7,2018,18,43,4,553.90,19.37,960.18,449.48
002,1005,837,933,705,,,20,7,2018,18,48,4,551.80,18.87,960.06,450.47
002,1078,921,1004,689,,,20,7,2018,18,53,4,553.50,18.57,960.07,450.39
002,164,221,122,10,,,20,7,2018,18,58,4,557.40,19.94,959.99,451.08
002,517,331,145,405,,,20,7,2018,19,3,4,549.50,20.26,959.99,451.06
002,774,732,700,553,,,20,7,2018,19,8,4,554.50,20.04,959.94,451.50
002,902,812,792,625,,,20,7,2018,19,13,4,552.60,18.92,959.79,452.88
002,8,7,8,8,,,20,7,2018,19,18,4,556.80, NAN, NAN, NAN
002,8,7,8,8,,,20,7,2018,19,23,4,565.30,16.01,959.51,455.31
002,8,7,8,7,,,20,7,2018,19,28,4,555.40,14.99,959.51,455.26
002,8,7,8,8,,,20,7,2018,19,33,4,553.80,14.49,959.57,454.78
002,8,7,8,7,,,20,7,2018,19,38,4,554.60,13.92,959.48,455.58
002,8,7,8,7,,,20,7,2018,19,43,4,550.40,13.48,959.46,455.72
002,9,8,8,8,,,20,7,2018,19,48,4,550.40,13.35,959.37,456.52
002,8,7,8,8,,,20,7,2018,19,53,4,549.60,13.26,959.34,456.78
002,11,7,8,7,,,20,7,2018,19,58,4,551.30,13.36,959.32,456.95
002,8,7,8,7,,,20,7,2018,20,3,4,555.40,13.29,959.14,458.48
002,8,7,9,7,,,20,7,2018,20,8,4,550.70,13.20,959.05,459.24
002,8,7,8,7,,,20,7,2018,20,13,4,549.60,12.98,958.98,459.90
002,8,7,9,7,,,20,7,2018,20,18,4,554.60,12.83,958.91,460.51
002,8,7,8,7,,,20,7,2018,20,23,4,553.40,12.78,958.80,461.43
002,9,7,8,7,,,20,7,2018,20,28,4,552.50,12.54,958.74,461.97
002,9,7,8,8,,,20,7,2018,20,33,4,557.80,12.31,958.72,462.19
002,8,7,8,7,,,20,7,2018,20,38,4,559.40,12.47,958.81,461.37
002,10,7,9,7,,,20,7,2018,20,43,4,554.20,12.52,958.79,461.57
002,11,7,9,7,,,20,7,2018,20,48,4,555.40,12.33,958.64,462.85
002,8,7,9,7,,,20,7,2018,20,53,4,553.90,12.15,958.59,463.28
002,9,7,8,7,,,20,7,2018,20,58,4,560.10,11.99,958.51,464.02
002,8,7,8,7,,,20,7,2018,21,3,4,556.10,11.86,958.35,465.39
002,9,7,8,7,,,20,7,2018,21,8,4,557.40,11.35,958.28,465.95
002,8,7,8,7,,,20,7,2018,21,13,4,559.80,10.88,958.26,466.17
002,5,5,5,5,,,23,7,2018,12,34,31,551.80, NAN, NAN, NAN
002,4095,4095,4095,4095,,,23,7,2018,12,38,58,554.30,8.19,954.64,497.71
002,336,323,286,223,,,23,7,2018,12,48,4,546.30,7.65,954.53,498.66
002,361,341,311,243,,,23,7,2018,12,53,4,555.30,7.10,954.64,497.78
002,411,392,363,283,,,23,7,2018,12,58,4,554.60,6.84,954.58,498.26
002,457,427,417,337,,,23,7,2018,13,3,4,548.80,7.22,954.56,498.47
002,493,457,420,326,,,23,7,2018,13,8,4,554.90,7.93,954.65,497.66
002,545,505,476,388,,,23,7,2018,13,13,4,559.30,8.68,954.56,498.42
002,593,529,531,401,,,23,7,2018,13,18,4,552.60,8.89,954.53,498.72
002,633,575,561,415,,,23,7,2018,13,23,4,559.60,9.25,954.52,498.81
002,692,624,608,459,,,23,7,2018,13,28,4,557.40,9.19,954.53,498.72
002,713,657,618,464,,,23,7,2018,13,33,4,556.30,9.82,954.61,497.99
002,741,697,657,499,,,23,7,2018,13,38,4,553.40,11.26,954.51,498.84
002,795,741,713,541,,,23,7,2018,13,43,4,556.70,12.24,954.48,499.15
002,817,745,729,561,,,23,7,2018,13,48,4,558.30,13.05,954.48,499.17
002,841,772,744,561,,,23,7,2018,13,53,4,550.90,12.97,954.54,498.66
002,872,785,776,593,,,23,7,2018,13,58,4,553.60,13.32,954.56,498.41
002,912,831,813,621,,,23,7,2018,14,3,4,557.70,13.94,954.51,498.87
002,926,868,849,636,,,23,7,2018,14,8,4,552.90, NAN, NAN, NAN
002,945,831,859,644,,,23,7,2018,14,13,4,556.20,14.54,954.41,499.72
002,977,900,888,670,,,23,7,2018,14,18,4,545.50,14.99,954.39,499.96
002,973,870,869,649,,,23,7,2018,14,23,4,561.00,16.31,954.52,498.76
002,981,889,873,668,,,23,7,2018,14,28,4,554.00,16.92,954.39,499.96
002,1010,905,899,675,,,23,7,2018,14,33,4,557.10,17.70,954.32,500.54
002,985,889,883,657,,,23,7,2018,14,38,4,558.20,17.19,954.38,499.97
002,1001,911,905,675,,,23,7,2018,14,43,4,558.10,16.24,954.29,500.81
002,1008,913,919,680,,,23,7,2018,14,48,4,556.80,16.56,954.24,501.26
002,1044,925,945,700,,,23,7,2018,14,53,4,557.00,17.05,954.13,502.16
002,1040,940,923,708,,,23,7,2018,14,58,4,553.30,16.50,954.09,502.51
002,1049,945,937,721,,,23,7,2018,15,3,4,553.00,16.16,954.08,502.64
002,1049,945,930,697,,,23,7,2018,15,8,4,553.70,16.37,954.02,503.20
002,1054,945,959,713,,,23,7,2018,15,13,4,553.10,16.73,953.97,503.62
002,1052,949,945,713,,,23,7,2018,15,18,4,555.20,16.10,953.96,503.68
002,1073,953,945,717,,,23,7,2018,15,23,4,557.40,15.92,953.88,504.35
002,1065,940,937,718,,,23,7,2018,15,28,4,554.10,17.06,953.90,504.17
002,1085,969,976,740,,,23,7,2018,15,33,4,555.10,17.78,953.87,504.46
002,1102,972,989,745,,,23,7,2018,15,38,4,553.30,17.52,953.89,504.30
002,1129,1022,1003,752,,,23,7,2018,15,43,4,555.40,17.70,953.79,505.16
002,1161,1041,1040,785,,,23,7,2018,15,48,4,556.70,17.72,953.75,505.54
002,1183,1069,1064,798,,,23,7,2018,15,53,4,557.10,18.43,953.69,506.05
002,1193,1081,1080,793,,,23,7,2018,15,58,4,560.40,18.72,953.63,506.53
002,1177,1043,1080,789,,,23,7,2018,16,3,4,561.20,18.65,953.63,506.61
002,1160,1054,1052,793,,,23,7,2018,16,8,4,556.20,18.98,953.57,507.09
002,1169,1011,1052,783,,,23,7,2018,16,13,4,552.00,19.32,953.49,507.80
002,1169,1049,1057,780,,,23,7,2018,16,18,4,554.90,19.37,953.44,508.20
002,1169,1053,1065,804,,,23,7,2018,16,23,4,557.90,19.65,953.46,508.09
002,1177,1052,1053,799,,,23,7,2018,16,28,4,557.30,20.08,953.38,508.75
002,1197,1060,1084,809,,,23,7,2018,16,33,4,546.20,20.45,953.28,509.67
002,1198,1050,1069,804,,,23,7,2018,16,38,4,553.50,20.59,953.24,509.95
002,1264,1081,1111,886,,,23,7,2018,16,43,4,557.40,20.58,953.10,511.19
002,1202,1069,1093,830,,,23,7,2018,16,48,4,553.80,20.40,952.97,512.37
002,1180,1152,1084,799,,,23,7,2018,16,53,4,551.20,20.91,952.90,512.93
002,1195,1076,1091,817,,,23,7,2018,16,58,4,552.80,20.28,952.83,513.61
002,1197,1096,1072,793,,,23,7,2018,17,3,4,555.00,19.63,952.77,514.08
002,1209,1081,1073,809,,,23,7,2018,17,8,4,553.80,21.04,952.75,514.28
002,1193,1084,1063,803,,,23,7,2018,17,13,4,556.20,21.77,952.61,515.47
002,1152,1053,1048,785,,,23,7,2018,17,18,4,553.20,21.91,952.61,515.52
002,1164,1029,1046,798,,,23,7,2018,17,23,4,547.60,21.54,952.58,515.72
002,1200,1071,1052,793,,,23,7,2018,17,28,4,554.10,21.88,952.43,517.05
002,1169,1046,1049,789,,,23,7,2018,17,33,4,554.00,21.47,952.39,517.44
002,1129,993,1017,757,,,23,7,2018,17,38,4,561.70,21.75,952.34,517.90
002,1139,1021,1044,768,,,23,7,2018,17,43,4,558.20,22.81,952.29,518.30
002,1110,989,1016,752,,,23,7,2018,17,48,4,555.50,23.73,952.27,518.48
002,1097,987,1009,748,,,23,7,2018,17,53,4,558.50,24.19,952.20,519.12
002,1080,972,978,721,,,23,7,2018,17,58,4,556.30,22.62,952.12,519.79
002,1033,918,921,690,,,23,7,2018,18,3,4,553.10,22.65,952.04,520.46
002,1039,932,930,693,,,23,7,2018,18,8,4,555.80,23.21,952.02,520.63
002,1031,940,936,710,,,23,7,2018,18,13,4,555.70,22.53,952.00,520.86
002,1017,937,919,690,,,23,7,2018,18,18,4,561.60,22.89,951.95,521.25
002,1048,957,940,718,,,23,7,2018,18,23,4,562.20,23.05,951.89,521.77
002,1055,953,957,718,,,23,7,2018,18,28,4,562.10,23.56,951.84,522.23
002,1087,959,962,720,,,23,7,2018,18,33,4,566.30,23.99,951.89,521.78
002,1076,953,952,705,,,23,7,2018,18,38,4,555.20,24.13,951.79,522.72
002,1044,936,963,709,,,23,7,2018,18,43,4,557.70,23.80,951.72,523.28
002,1052,933,953,712,,,23,7,2018,18,48,4,554.90,23.34,951.67,523.68
002,1056,952,945,718,,,23,7,2018,18,53,4,557.00,23.59,951.68,523.67
002,997,884,897,673,,,23,7,2018,18,58,4,554.80,23.54,951.74,523.14
002,1037,908,925,681,,,23,7,2018,19,3,4,556.50,24.03,951.63,524.04
002,993,893,901,676,,,23,7,2018,19,8,4,551.70,22.39,951.52,525.07
002,988,873,893,654,,,23,7,2018,19,13,4,559.00,22.63,951.56,524.72
002,976,883,888,657,,,23,7,2018,19,18,4,557.50,23.38,951.49,525.30
002,984,856,886,645,,,23,7,2018,19,23,4,556.00,24.03,951.51,525.10
002,944,822,838,616,,,23,7,2018,19,28,4,553.60,24.44,951.55,524.78
002,911,787,807,581,,,23,7,2018,19,33,4,558.40,23.58,951.46,525.54
002,877,793,796,588,,,23,7,2018,19,38,4,557.90,23.54,951.40,526.10
002,855,749,753,564,,,23,7,2018,19,43,4,561.40,23.58,951.39,526.15
002,785,709,715,532,,,23,7,2018,19,48,4,553.60,23.59,951.39,526.17
002,748,661,664,499,,,23,7,2018,19,53,4,560.40,23.03,951.36,526.44
002,729,657,653,500,,,23,7,2018,19,58,4,565.30,23.36,951.30,526.97
002,697,629,625,477,,,23,7,2018,20,3,4,560.80,23.19,951.36,526.40
002,689,617,617,460,,,23,7,2018,20,8,4,565.00,22.71,951.42,525.89
002,649,573,569,421,,,23,7,2018,20,13,4,563.00,22.89,951.37,526.38
002,604,541,544,401,,,23,7,2018,20,18,4,563.80,23.29,951.36,526.42
002,573,537,525,388,,,23,7,2018,20,23,4,561.50,23.30,951.39,526.21
002,541,479,492,353,,,23,7,2018,20,28,4,563.40,23.26,951.44,525.74
002,509,461,453,344,,,23,7,2018,20,33,4,561.40,23.16,951.42,525.88
002,389,377,356,265,,,23,7,2018,20,38,4,562.20,22.68,951.46,525.53
002,349,333,328,235,,,23,7,2018,20,43,4,561.60,22.13,951.41,525.99
002,324,303,328,217,,,23,7,2018,20,48,4,558.70,21.86,951.42,525.88
002,295,280,256,199,,,23,7,2018,20,53,4,560.30,21.42,951.40,526.07
002,276,252,243,166,,,23,7,2018,20,58,4,558.40,21.18,951.37,526.33
002,209,201,192,128,,,23,7,2018,21,3,4,559.00,20.93,951.40,526.12
002,165,156,152,111,,,23,7,2018,21,8,4,562.90,20.46,951.30,526.94
002,9,8,9,8,,,23,7,2018,21,13,4,560.00,19.83,951.23,527.54
002,8,9,9,8,,,23,7,2018,21,18,4,559.30,19.01,951.26,527.36
002,165,155,129,119,,,24,7,2018,12,28,3,553.60,,,
002,161,190,137,129,,,24,7,2018,12,33,3,545.00, NAN, NAN, NAN
002,112,130,93,105,,,24,7,2018,12,38,3,548.00,7.73,954.97,494.84
002,246,233,193,150,,,24,7,2018,12,43,3,556.20,7.85,954.94,495.10
002,265,265,219,181,,,24,7,2018,12,48,3,551.40,8.14,955.00,494.60
002,287,287,265,195,,,24,7,2018,12,53,3,544.00,8.85,955.10,493.76
002,307,289,270,213,,,24,7,2018,12,58,3,551.40,9.03,955.17,493.15
002,8,7,7,7,,,24,7,2018,13,3,3,556.40,10.38,955.18,492.98
002,379,358,341,260,,,24,7,2018,13,8,3,560.90,10.21,955.32,491.80
002,419,403,370,291,,,24,7,2018,13,13,3,560.50,10.76,955.47,490.45
002,476,441,419,319,,,24,7,2018,13,18,3,557.80,11.26,955.42,490.90
002,487,479,434,345,,,24,7,2018,13,23,3,556.50,12.30,955.49,490.31
002,549,520,487,372,,,24,7,2018,13,28,3,556.70,12.74,955.46,490.61
002,588,539,529,385,,,24,7,2018,13,33,3,553.60,13.34,955.60,489.32
002,621,566,537,395,,,24,7,2018,13,38,3,548.10,14.00,955.66,488.80
002,616,579,543,411,,,24,7,2018,13,43,3,554.10,15.01,955.63,489.12
002,601,569,537,415,,,24,7,2018,13,48,3,554.60,15.26,955.77,487.84
002,649,625,572,441,,,24,7,2018,13,53,3,556.10,15.27,955.83,487.36
002,662,617,593,457,,,24,7,2018,13,58,3,560.80,15.25,955.90,486.74
002,713,652,641,492,,,24,7,2018,14,3,3,557.20,15.41,955.91,486.68
002,745,665,665,513,,,24,7,2018,14,8,3,555.90,14.48,955.99,485.95
002,748,678,657,505,,,24,7,2018,14,13,3,560.10,14.23,956.01,485.78
002,749,680,657,509,,,24,7,2018,14,18,3,556.40,14.87,956.07,485.22
002,753,681,675,521,,,24,7,2018,14,23,3,554.20, NAN, NAN, NAN
002,785,708,705,537,,,24,7,2018,14,28,3,545.80,14.85,956.12,484.81
002,801,733,713,529,,,24,7,2018,14,33,3,550.70,15.07,956.15,484.54
002,820,753,724,558,,,24,7,2018,14,38,3,552.60,15.96,956.16,484.45
002,825,752,722,564,,,24,7,2018,14,43,3,555.50,15.61,956.25,483.68
002,816,733,721,556,,,24,7,2018,14,48,3,554.70,14.90,956.29,483.32
002,833,760,752,569,,,24,7,2018,14,53,3,554.70,15.01,956.36,482.69
002,825,745,737,553,,,24,7,2018,14,58,3,557.10,16.44,956.34,482.89
002,807,713,721,541,,,24,7,2018,15,3,3,556.30,17.08,956.37,482.66
002,977,881,880,655,,,24,7,2018,15,8,3,553.10, NAN, NAN, NAN
002,963,860,863,656,,,24,7,2018,15,13,3,549.20,16.87,956.32,483.11
002,989,897,877,665,,,24,7,2018,15,18,3,549.60, NAN, NAN, NAN
002,948,863,861,649,,,24,7,2018,15,23,3,552.60,15.52,956.39,482.49
002,933,857,825,619,,,24,7,2018,15,28,3,551.00,15.96,956.40,482.40
002,905,836,817,614,,,24,7,2018,15,33,3,550.30,15.99,956.39,482.45
002,908,832,805,625,,,24,7,2018,15,38,3,555.00,16.27,956.28,483.45
002,937,825,824,621,,,24,7,2018,15,43,3,555.70,17.15,956.40,482.42
002,956,876,880,652,,,24,7,2018,15,48,3,558.30,16.29,956.41,482.27
002,945,846,915,627,,,24,7,2018,15,53,3,557.20,16.85,956.34,482.90
002,913,817,812,616,,,24,7,2018,15,58,3,559.80,17.57,956.35,482.82
002,939,868,841,643,,,24,7,2018,16,3,3,557.60,18.65,956.31,483.19
002,969,889,873,651,,,24,7,2018,16,8,3,546.20,17.83,956.41,482.31
002,1009,883,872,657,,,24,7,2018,16,13,3,555.40,17.96,956.38,482.55
002,968,861,873,669,,,24,7,2018,16,18,3,557.30,17.57,956.29,483.32
002,969,889,885,668,,,24,7,2018,16,23,3,551.90,17.10,956.23,483.88
002,1009,905,905,675,,,24,7,2018,16,28,3,548.50,17.34,956.25,483.72
002,1019,920,907,693,,,24,7,2018,16,33,3,556.50,18.09,956.17,484.34
002,1032,932,929,702,,,24,7,2018,16,38,3,553.70,18.20,956.13,484.71
002,1073,985,959,721,,,24,7,2018,16,43,3,555.60,18.51,956.08,485.17
002,1069,960,958,721,,,24,7,2018,16,48,3,554.70,18.79,956.14,484.63
002,1109,984,1001,745,,,24,7,2018,16,53,3,553.30,19.43,956.01,485.80
002,1117,1017,979,745,,,24,7,2018,16,58,3,555.50,20.66,955.99,485.93
002,1132,1025,1016,768,,,24,7,2018,17,3,3,549.90,21.57,955.93,486.45
002,1164,1049,1032,788,,,24,7,2018,17,8,3,546.60,21.01,955.88,486.88
002,1164,1025,1038,768,,,24,7,2018,17,13,3,562.60,20.56,955.79,487.68
002,1142,1016,1032,773,,,24,7,2018,17,18,3,555.30,20.52,955.74,488.10
002,1145,1004,1009,757,,,24,7,2018,17,23,3,547.50,20.58,955.68,488.64
002,1125,1032,1015,761,,,24,7,2018,17,28,3,551.50,20.19,955.63,489.08
002,1148,1036,1033,777,,,24,7,2018,17,33,3,553.00,20.40,955.66,488.82
002,1133,992,997,749,,,24,7,2018,17,38,3,556.20,21.29,955.68,488.69
002,1096,989,968,732,,,24,7,2018,17,43,3,553.80,21.12,955.61,489.28
002,1108,980,991,750,,,24,7,2018,17,48,3,560.10,21.54,955.61,489.26
002,1097,977,969,741,,,24,7,2018,17,53,3,556.80,20.89,955.55,489.78
002,1062,940,945,720,,,24,7,2018,17,58,3,555.20,20.36,955.53,490.00
002,1002,913,905,668,,,24,7,2018,18,3,3,555.40,21.05,955.53,490.00
002,1021,912,903,689,,,24,7,2018,18,8,3,551.40,22.03,955.56,489.73
002,993,904,892,670,,,24,7,2018,18,13,3,555.10,21.28,955.51,490.15
002,1038,929,933,689,,,24,7,2018,18,18,3,554.00,20.95,955.47,490.52
002,1052,912,908,701,,,24,7,2018,18,23,3,557.40,20.83,955.43,490.84
002,1007,912,905,685,,,24,7,2018,18,28,3,553.70,20.65,955.39,491.16
002,1004,893,885,665,,,24,7,2018,18,33,3,552.90,20.65,955.45,490.66
002,957,870,857,645,,,24,7,2018,18,38,3,553.20,21.73,955.42,490.97
002,953,857,829,638,,,24,7,2018,18,43,3,555.60,21.66,955.43,490.86
002,964,880,861,653,,,24,7,2018,18,48,3,554.30,20.50,955.33,491.71
002,953,860,856,648,,,24,7,2018,18,53,3,553.30,20.67,955.32,491.81
002,936,820,829,625,,,24,7,2018,18,58,3,560.90,20.24,955.18,493.04
002,925,829,831,625,,,24,7,2018,19,3,3,558.10,20.66,955.22,492.67
002,884,792,774,596,,,24,7,2018,19,8,3,551.90,21.07,955.24,492.46
002,847,776,768,574,,,24,7,2018,19,13,3,558.20,20.31,955.22,492.67
002,841,753,745,564,,,24,7,2018,19,18,3,559.90,19.69,955.34,491.60
002,792,716,708,537,,,24,7,2018,19,23,3,558.00,19.90,955.37,491.38
002,785,720,701,540,,,24,7,2018,19,28,3,556.30,19.34,955.33,491.73
002,768,710,701,513,,,24,7,2018,19,33,3,557.80,19.77,955.29,492.08
002,758,681,657,507,,,24,7,2018,19,38,3,558.80,19.02,955.30,491.99
002,689,629,612,470,,,24,7,2018,19,43,3,558.20,18.62,955.43,490.84
002,681,621,604,448,,,24,7,2018,19,48,3,560.00,18.63,955.38,491.29
002,669,589,577,421,,,24,7,2018,19,53,3,557.50,18.43,955.48,490.44
002,646,580,550,407,,,24,7,2018,19,58,3,561.00,18.60,955.52,490.08
002,575,515,513,392,,,24,7,2018,20,3,3,558.70,18.20,955.59,489.49
002,549,497,479,365,,,24,7,2018,20,8,3,569.20,17.88,955.51,490.10
002,504,465,449,341,,,24,7,2018,20,13,3,567.30,17.43,955.63,489.09
002,477,445,413,329,,,24,7,2018,20,18,3,564.30,17.30,955.73,488.21
002,430,393,374,284,,,24,7,2018,20,23,3,558.10,16.89,955.65,488.93
002,396,377,340,265,,,24,7,2018,20,28,3,561.10,16.79,955.71,488.43
002,351,333,329,245,,,24,7,2018,20,33,3,558.80,16.12,955.94,486.36
002,329,304,287,221,,,24,7,2018,20,38,3,568.70,16.09,955.88,486.88
002,292,268,251,205,,,24,7,2018,20,43,3,565.00,16.40,956.00,485.86
002,271,260,239,169,,,24,7,2018,20,48,3,556.90,16.09,956.00,485.87
002,227,227,201,159,,,24,7,2018,20,53,3,558.80,15.88,956.07,485.28
002,182,182,168,112,,,24,7,2018,20,58,3,559.10,15.23,956.11,484.94
002,8,7,8,8,,,24,7,2018,21,3,3,557.10,15.04,956.17,484.35
002,8,7,8,8,,,24,7,2018,21,8,3,555.70,15.25,956.19,484.21
002,97,96,94,59,,,24,7,2018,21,13,3,562.30,15.03,956.20,484.11
002,8,8,9,8,,,24,7,2018,21,18,3,559.40,14.53,956.27,483.55
002,8,7,8,7,,,25,7,2018,12,28,3,554.70,,,
002,195,194,142,143,,,25,7,2018,12,33,3,549.00,8.10,957.05,476.75
002,179,174,157,104,,,25,7,2018,12,38,3,553.40,8.91,957.01,477.09
002,243,249,223,185,,,25,7,2018,12,43,3,556.70,9.12,957.03,476.85
002,303,297,273,209,,,25,7,2018,12,48,3,553.30,9.54,957.09,476.34
002,339,327,288,237,,,25,7,2018,12,53,3,549.60,9.84,957.01,477.03
002,378,361,328,256,,,25,7,2018,12,58,3,550.80,10.59,957.19,475.48
002,435,441,361,284,,,25,7,2018,13,3,3,552.40,11.17,957.16,475.71
002,473,435,427,328,,,25,7,2018,13,8,3,551.50,11.92,957.10,476.23
002,521,488,446,360,,,25,7,2018,13,13,3,552.90,12.65,957.15,475.82
002,573,511,486,376,,,25,7,2018,13,18,3,556.90,12.85,957.16,475.75
002,601,567,530,400,,,25,7,2018,13,23,3,561.80,13.55,957.07,476.50
002,641,580,565,434,,,25,7,2018,13,28,3,558.90,14.17,957.08,476.44
002,657,619,601,445,,,25,7,2018,13,33,3,552.30,14.63,957.10,476.25
002,709,665,629,475,,,25,7,2018,13,38,3,553.90,14.99,957.07,476.56
002,665,617,588,447,,,25,7,2018,13,43,3,555.10,14.73,957.14,475.96
002,668,617,585,434,,,25,7,2018,13,48,3,555.20,14.30,957.12,476.13
002,713,657,649,476,,,25,7,2018,13,53,3,563.70,14.42,957.05,476.75
002,769,689,657,513,,,25,7,2018,13,58,3,558.20,14.17,957.07,476.55
002,771,690,685,521,,,25,7,2018,14,3,3,549.70,14.34,957.05,476.71
002,801,732,733,560,,,25,7,2018,14,8,3,553.60,14.72,957.05,476.72
002,820,748,741,552,,,25,7,2018,14,13,3,552.20,14.79,957.09,476.34
002,893,787,777,585,,,25,7,2018,14,18,3,539.10,14.93,957.13,475.99
002,917,809,793,605,,,25,7,2018,14,23,3,558.40,14.73,957.14,475.92
002,921,837,814,603,,,25,7,2018,14,28,3,551.00,15.88,957.19,475.45
002,959,867,873,648,,,25,7,2018,14,33,3,549.70,16.88,957.20,475.42
002,967,855,856,641,,,25,7,2018,14,38,3,558.30,16.74,957.14,475.92
002,995,873,875,664,,,25,7,2018,14,43,3,553.50,18.09,957.16,475.75
002,991,921,904,673,,,25,7,2018,14,48,3,558.30,20.26,957.22,475.19
002,1033,905,891,677,,,25,7,2018,14,53,3,550.40,20.03,957.14,475.90
002,1085,940,937,703,,,25,7,2018,14,58,3,547.90,19.55,956.96,477.45
002,1087,976,973,716,,,25,7,2018,15,3,3,551.00,19.79,957.01,477.07
002,1092,988,984,733,,,25,7,2018,15,8,3,553.80,20.40,957.03,476.88
002,1117,1009,1004,737,,,25,7,2018,15,13,3,555.90,20.97,956.89,478.08
002,1105,990,1004,740,,,25,7,2018,15,18,3,551.30,21.32,956.93,477.78
002,1101,1001,1001,739,,,25,7,2018,15,23,3,549.90,21.70,956.90,478.04
002,1129,1008,1013,776,,,25,7,2018,15,28,3,554.00,21.72,956.76,479.27
002,1113,993,990,752,,,25,7,2018,15,33,3,556.30,20.95,956.61,480.51
002,1081,973,985,723,,,25,7,2018,15,38,3,556.50,21.54,956.67,480.00
002,1113,998,996,752,,,25,7,2018,15,43,3,556.70,21.74,956.57,480.88
002,1097,985,985,733,,,25,7,2018,15,48,3,559.10,22.42,956.53,481.23
002,1109,1000,989,726,,,25,7,2018,15,53,3,556.10,21.70,956.51,481.41
002,1084,959,959,728,,,25,7,2018,15,58,3,558.40,22.32,956.48,481.65
002,1117,1023,1032,769,,,25,7,2018,16,3,3,554.50,22.36,956.33,483.00
002,1101,998,1009,745,,,25,7,2018,16,8,3,558.50,22.70,956.28,483.40
002,1137,1053,1045,769,,,25,7,2018,16,13,3,554.60,22.99,956.20,484.16
002,1197,1085,1055,776,,,25,7,2018,16,18,3,550.10,23.48,956.02,485.69
002,1156,1024,1012,785,,,25,7,2018,16,23,3,554.30,24.87,956.07,485.25
002,1120,1001,985,737,,,25,7,2018,16,28,3,550.40,25.89,956.02,485.66
002,1231,1020,1085,783,,,25,7,2018,16,33,3,554.70,25.81,955.92,486.57
002,1128,1008,996,753,,,25,7,2018,16,38,3,553.00,25.71,955.87,487.04
002,1062,950,972,723,,,25,7,2018,16,43,3,550.80,25.82,955.78,487.76
002,1108,984,977,740,,,25,7,2018,16,48,3,549.90,25.82,955.82,487.43
002,1137,1113,1021,777,,,25,7,2018,16,53,3,555.20,25.81,955.69,488.59
002,1134,1025,1023,764,,,25,7,2018,16,58,3,556.60,26.84,955.69,488.55
002,1176,1039,1038,791,,,25,7,2018,17,3,3,544.60,26.13,955.57,489.63
002,1156,1028,1025,761,,,25,7,2018,17,8,3,554.40,26.21,955.50,490.23
002,1094,973,979,741,,,25,7,2018,17,13,3,554.90,26.28,955.48,490.44
002,921,852,829,605,,,25,7,2018,17,18,3,551.40,26.19,955.36,491.49
002,984,889,896,684,,,25,7,2018,17,23,3,554.60,24.68,955.27,492.23
002,1213,1084,1073,801,,,25,7,2018,17,28,3,549.50,25.14,955.14,493.41
002,1197,1082,1068,809,,,25,7,2018,17,33,3,550.70,26.14,955.12,493.55
002,1233,1101,1094,812,,,25,7,2018,17,38,3,549.10,26.85,954.99,494.71
002,1215,1094,1100,804,,,25,7,2018,17,43,3,558.50,27.21,955.02,494.43
002,830,740,772,523,,,25,7,2018,17,48,3,556.90,27.01,954.90,495.48
002,1069,940,964,717,,,25,7,2018,17,53,3,560.30,26.74,954.77,496.60
002,516,467,477,351,,,25,7,2018,17,58,3,557.20,26.30,954.68,497.36
002,677,605,575,437,,,25,7,2018,18,3,3,553.90,25.38,954.45,499.39
002,660,580,636,481,,,25,7,2018,18,8,3,547.70,25.36,954.48,499.15
002,696,588,596,458,,,25,7,2018,18,13,3,554.70,25.79,954.34,500.33
002,753,661,664,505,,,25,7,2018,18,18,3,557.70,25.95,954.23,501.30
002,630,538,558,424,,,25,7,2018,18,23,3,554.40,26.40,954.27,500.94
002,518,492,413,324,,,25,7,2018,18,28,3,552.40,26.77,954.22,501.40
002,616,557,536,408,,,25,7,2018,18,33,3,554.40,27.17,954.29,500.81
002,616,565,556,410,,,25,7,2018,18,38,3,562.80,27.92,954.32,500.54
002,563,517,493,384,,,25,7,2018,18,43,3,559.00,27.88,954.30,500.73
002,937,897,909,696,,,25,7,2018,18,48,3,558.60,27.59,954.18,501.77
002,1022,918,894,680,,,25,7,2018,18,53,3,557.00,29.47,954.23,501.32
002,998,878,881,657,,,25,7,2018,18,58,3,553.80,28.93,954.24,501.26
002,989,876,864,644,,,25,7,2018,19,3,3,553.50,28.17,954.13,502.16
002,903,799,793,592,,,25,7,2018,19,8,3,557.10,27.56,954.07,502.71
002,830,760,756,557,,,25,7,2018,19,13,3,554.50,27.08,954.08,502.61
002,821,712,729,540,,,25,7,2018,19,18,3,552.10,26.75,954.06,502.85
002,735,645,665,499,,,25,7,2018,19,23,3,554.00,26.96,954.05,502.90
002,761,684,686,499,,,25,7,2018,19,28,3,557.80,27.37,954.07,502.75
002,704,641,593,468,,,25,7,2018,19,33,3,557.70,26.23,953.98,503.51
002,685,633,616,471,,,25,7,2018,19,38,3,554.30,26.37,954.03,503.09
002,616,560,552,409,,,25,7,2018,19,43,3,557.40,26.05,954.03,503.08
002,621,565,552,425,,,25,7,2018,19,48,3,561.70,25.74,953.93,503.99
002,548,479,476,349,,,25,7,2018,19,53,3,568.60,25.05,953.90,504.19
002,489,428,433,324,,,25,7,2018,19,58,3,561.50,25.28,953.91,504.09
002,467,413,401,309,,,25,7,2018,20,3,3,557.70,24.74,953.89,504.28
002,486,440,425,337,,,25,7,2018,20,8,3,565.70,23.96,953.84,504.74
002,477,420,421,311,,,25,7,2018,20,13,3,565.40,24.47,953.83,504.80
002,481,444,436,322,,,25,7,2018,20,18,3,560.80,25.47,953.79,505.18
002,410,369,353,264,,,25,7,2018,20,23,3,559.20,25.31,953.76,505.45
002,306,272,252,191,,,25,7,2018,20,28,3,558.90,24.79,953.77,505.33
002,194,194,159,123,,,25,7,2018,20,33,3,567.50,24.20,953.80,505.09
002,156,158,136,104,,,25,7,2018,20,38,3,564.70,23.41,953.75,505.55
002,105,106,95,90,,,25,7,2018,20,43,3,559.80,22.56,953.75,505.48
002,104,104,90,75,,,25,7,2018,20,48,3,557.30,22.32,953.73,505.65
002,8,8,8,8,,,25,7,2018,20,53,3,557.30,22.26,953.66,506.35
002,9,8,9,8,,,25,7,2018,20,58,3,557.50,21.93,953.72,505.82
002,69,64,66,32,,,25,7,2018,21,3,3,559.30,21.49,953.72,505.74
002,10,9,9,9,,,25,7,2018,21,8,3,561.60,21.50,953.70,505.91
002,44,24,32,17,,,25,7,2018,21,13,3,559.10,20.99,953.69,506.02
002,9,4095,9,4095,,,25,7,2018,21,18,3,555.90,20.22,953.71,505.87
002,4095,4095,2047,4095,,,28,7,2018,12,28,3,545.10,6.92,961.45,438.40
002,226,241,203,152,,,28,7,2018,12,33,3,552.50,7.94,961.47,438.27
002,267,267,241,177,,,28,7,2018,12,38,3,550.10,8.86,961.51,437.90
002,341,345,303,241,,,28,7,2018,12,43,3,547.40,9.22,961.48,438.17
002,381,377,327,265,,,28,7,2018,12,48,3,552.90,10.41,961.51,437.92
002,437,411,384,289,,,28,7,2018,12,53,3,552.40,10.93,961.51,437.92
002,9,7,8,7,,,28,7,2018,12,58,3,555.00,11.65,961.47,438.25
002,543,508,497,361,,,28,7,2018,13,3,3,554.00,12.63,961.43,438.61
002,617,569,539,415,,,28,7,2018,13,8,3,554.00,13.10,961.36,439.22
002,668,585,596,437,,,28,7,2018,13,13,3,555.90,13.74,961.32,439.54
002,688,625,616,465,,,28,7,2018,13,18,3,553.70,14.23,961.34,439.35
002,697,667,633,469,,,28,7,2018,13,23,3,555.20,14.67,961.38,439.04
002,729,674,652,497,,,28,7,2018,13,28,3,555.00,15.19,961.24,440.20
002,729,665,560,496,,,28,7,2018,13,33,3,558.10,15.21,961.21,440.53
002,813,735,710,541,,,28,7,2018,13,38,3,553.50,15.59,961.27,439.97
002,843,756,769,577,,,28,7,2018,13,43,3,553.20,16.27,961.33,439.44
002,849,761,735,573,,,28,7,2018,13,48,3,554.00,16.82,961.39,438.92
002,865,787,761,573,,,28,7,2018,13,53,3,550.50,16.94,961.33,439.46
002,916,831,829,632,,,28,7,2018,13,58,3,552.90,17.00,961.31,439.59
002,889,825,812,601,,,28,7,2018,14,3,3,543.70,16.87,961.31,439.65
002,669,633,712,540,,,28,7,2018,14,8,3,548.80,16.50,961.36,439.18
002,751,712,632,482,,,28,7,2018,14,13,3,553.10,14.01,961.36,439.18
002,761,689,678,512,,,28,7,2018,14,18,3,551.70,14.37,961.46,438.28
002,813,716,744,563,,,28,7,2018,14,23,3,551.50,14.05,961.29,439.82
002,749,688,682,513,,,28,7,2018,14,28,3,554.30,13.89,961.31,439.59
002,803,720,709,537,,,28,7,2018,14,33,3,553.00,14.49,961.32,439.55
002,809,739,741,541,,,28,7,2018,14,38,3,552.70,15.15,961.27,439.98
002,873,761,732,561,,,28,7,2018,14,43,3,554.60,15.99,961.26,440.07
002,920,853,841,637,,,28,7,2018,14,48,3,552.40,16.37,961.16,440.95
002,1033,897,905,680,,,28,7,2018,14,53,3,551.10,16.54,961.12,441.26
002,1049,960,956,729,,,28,7,2018,14,58,3,552.00,17.22,961.09,441.54
002,1017,909,905,657,,,28,7,2018,15,3,3,554.90,18.32,961.20,440.58
002,1073,969,962,725,,,28,7,2018,15,8,3,554.60,17.99,961.06,441.84
002,1119,1001,988,753,,,28,7,2018,15,13,3,552.60,18.62,961.03,442.04
002,1128,993,1005,758,,,28,7,2018,15,18,3,555.80,18.80,960.95,442.74
002,1213,1065,1041,808,,,28,7,2018,15,23,3,554.30,18.36,960.98,442.49
002,1080,985,985,724,,,28,7,2018,15,28,3,554.60,18.26,960.91,443.10
002,1096,961,985,713,,,28,7,2018,15,33,3,553.80,18.85,960.91,443.13
002,1185,1070,1070,801,,,28,7,2018,15,38,3,554.10,19.38,960.93,442.89
002,1201,1081,1065,820,,,28,7,2018,15,43,3,554.70,19.49,960.92,443.04
002,1225,1081,1101,812,,,28,7,2018,15,48,3,552.00,19.02,960.86,443.56
002,1305,1153,1177,875,,,28,7,2018,15,53,3,550.70,18.76,960.78,444.19
002,1269,1129,1152,865,,,28,7,2018,15,58,3,554.90,19.24,960.81,443.93
002,1327,1200,1213,905,,,28,7,2018,16,3,3,556.90,19.97,960.79,444.14
002,1297,1161,1193,881,,,28,7,2018,16,8,3,549.00,20.56,960.82,443.84
002,1308,1169,1150,881,,,28,7,2018,16,13,3,543.80,20.75,960.80,444.08
002,1329,1214,1188,904,,,28,7,2018,16,18,3,547.70,20.66,960.74,444.56
002,1318,1155,1180,888,,,28,7,2018,16,23,3,552.30,20.21,960.74,444.59
002,1304,1132,1153,865,,,28,7,2018,16,28,3,550.00,20.20,960.63,445.56
002,1309,1145,1169,870,,,28,7,2018,16,33,3,549.10,21.02,960.64,445.41
002,1292,1147,1163,859,,,28,7,2018,16,38,3,548.10,21.83,960.59,445.85
002,1325,1201,1203,881,,,28,7,2018,16,43,3,547.70,21.63,960.50,446.66
002,1316,1200,1200,877,,,28,7,2018,16,48,3,548.60,21.89,960.49,446.73
002,1320,1192,1201,901,,,28,7,2018,16,53,3,545.80,22.06,960.45,447.08
002,1284,1169,1164,877,,,28,7,2018,16,58,3,551.50,22.63,960.39,447.65
002,1289,1153,1180,861,,,28,7,2018,17,3,3,547.80,23.16,960.37,447.77
002,1212,1084,1112,836,,,28,7,2018,17,8,3,549.70,24.01,960.38,447.73
002,1173,1069,1037,772,,,28,7,2018,17,13,3,547.50,23.42,960.33,448.15
002,1137,977,996,753,,,28,7,2018,17,18,3,548.30,22.51,960.29,448.45
002,1133,1019,1001,753,,,28,7,2018,17,23,3,548.80,22.15,960.20,449.29
002,1113,989,1005,748,,,28,7,2018,17,28,3,542.80,21.69,960.14,449.82
002,1124,1008,993,745,,,28,7,2018,17,33,3,547.30,21.46,960.18,449.47
002,1060,953,948,720,,,28,7,2018,17,38,3,553.20,21.54,960.17,449.54
002,1080,969,955,729,,,28,7,2018,17,43,3,550.10,21.56,960.20,449.24
002,1085,975,954,724,,,28,7,2018,17,48,3,550.30,21.86,960.19,449.37
002,1116,985,984,756,,,28,7,2018,17,53,3,550.90,21.96,960.14,449.81
002,1096,977,979,725,,,28,7,2018,17,58,3,549.10,21.79,960.08,450.29
002,1105,997,1000,753,,,28,7,2018,18,3,3,552.30,21.63,960.11,450.09
002,1113,985,1001,740,,,28,7,2018,18,8,3,546.10,22.24,960.04,450.67
002,1091,1002,998,753,,,28,7,2018,18,13,3,546.60,23.25,960.09,450.26
002,1085,976,985,733,,,28,7,2018,18,18,3,550.30,22.90,960.11,450.10
002,1072,964,974,717,,,28,7,2018,18,23,3,552.20,21.81,959.98,451.20
002,966,944,854,725,,,28,7,2018,18,28,3,553.50,21.93,959.94,451.52
002,1064,940,942,696,,,28,7,2018,18,33,3,549.70,22.15,960.02,450.81
002,1022,920,933,686,,,28,7,2018,18,38,3,552.20,22.92,959.97,451.29
002,1017,920,927,697,,,28,7,2018,18,43,3,551.60,22.55,959.91,451.83
002,1037,976,931,684,,,28,7,2018,18,48,3,554.30,20.35,959.95,451.49
002,95,82,100,101,,,28,7,2018,18,53,3,551.00,19.14,959.86,452.21
002,1000,900,897,669,,,28,7,2018,18,58,3,553.10,20.61,959.85,452.32
002,982,893,893,665,,,28,7,2018,19,3,3,553.90,20.58,959.81,452.68
002,1000,909,924,680,,,28,7,2018,19,8,3,550.30,21.53,959.81,452.67
002,944,817,856,610,,,28,7,2018,19,13,3,550.90,20.75,959.71,453.54
002,806,745,689,533,,,28,7,2018,19,18,3,550.00,19.90,959.79,452.84
002,985,889,889,677,,,28,7,2018,19,23,3,554.00,21.09,959.77,452.98
002,932,825,840,627,,,28,7,2018,19,28,3,551.90,21.39,959.71,453.54
002,892,793,804,604,,,28,7,2018,19,33,3,556.70,21.05,959.53,455.10
002,820,744,733,552,,,28,7,2018,19,38,3,555.90,20.81,959.62,454.34
002,797,689,703,525,,,28,7,2018,19,43,3,556.50,21.56,959.50,455.39
002,733,649,649,473,,,28,7,2018,19,48,3,554.00,21.92,959.48,455.58
002,710,641,637,465,,,28,7,2018,19,53,3,552.90,21.70,959.38,456.43
002,684,625,628,476,,,28,7,2018,19,58,3,555.90,21.85,959.34,456.72
002,628,580,552,420,,,28,7,2018,20,3,3,556.40,21.54,959.32,456.96
002,573,513,513,388,,,28,7,2018,20,8,3,558.00,21.05,959.31,457.03
002,464,436,422,323,,,28,7,2018,20,13,3,555.60,20.58,959.30,457.12
002,456,422,409,309,,,28,7,2018,20,18,2,556.40,20.69,959.20,457.97
002,424,393,371,289,,,28,7,2018,20,23,2,560.70,20.13,959.17,458.24
002,391,366,349,268,,,28,7,2018,20,28,2,554.90,19.88,959.13,458.55
002,349,337,308,237,,,28,7,2018,20,33,2,555.40,19.30,959.07,459.10
002,331,309,285,211,,,28,7,2018,20,38,2,558.60,18.99,958.89,460.68
002,276,260,245,175,,,28,7,2018,20,43,2,558.30,19.00,958.97,459.99
002,269,252,232,184,,,28,7,2018,20,48,2,556.30,18.93,958.89,460.64
002,232,233,213,152,,,28,7,2018,20,53,2,554.20,18.40,958.90,460.60
002,201,195,164,121,,,28,7,2018,20,58,2,555.40,17.54,958.97,459.99
002,151,132,135,104,,,28,7,2018,21,3,2,555.50,17.09,958.88,460.78
002,10,2048,9,9,,,28,7,2018,21,8,2,557.60,16.62,958.84,461.14
002,9,8,9,9,,,28,7,2018,21,13,2,553.40,15.98,958.74,461.95
002,37,30,41,25,,,28,7,2018,21,18,2,548.20,15.29,958.79,461.57
002,6,5,6,5,,,29,7,2018,20,23,50,,14.87,946.45,569.58
002,7,6,7,6,,,29,7,2018,20,25,52,639.20,16.00,946.47,569.36
002,513,467,459,334,,,29,7,2018,20,33,2,637.90,16.35,946.58,568.43
002,447,421,401,309,,,29,7,2018,20,38,2,637.30,16.00,946.54,568.79
002,429,3903,365,4095,,,29,7,2018,20,43,2,636.70,16.20,946.58,568.42
002,361,328,321,235,,,29,7,2018,20,48,2,637.20,15.96,946.56,568.62
002,324,4095,275,4095,,,29,7,2018,20,53,2,635.90,15.82,946.67,567.64
002,285,259,231,182,,,29,7,2018,20,58,2,638.40,15.31,946.63,567.95
002,227,233,203,149,,,29,7,2018,21,3,2,635.60,15.00,946.67,567.59
002,186,189,173,122,,,29,7,2018,21,8,2,630.90,14.48,946.63,567.97
002,149,141,125,109,,,29,7,2018,21,13,2,629.10,13.74,946.73,567.11
002,114,116,101,91,,,29,7,2018,21,18,2,626.10,13.35,946.72,567.15
002,12,7,16,9,,,30,7,2018,12,23,2,635.30,-1.51,948.25,553.75
002,14,6,15,8,,,30,7,2018,12,28,2,636.70,-0.68,948.33,553.02
002,193,193,153,129,,,30,7,2018,12,33,2,632.40,0.27,948.36,552.73
002,11,7,14,7,,,30,7,2018,12,38,2,636.70,1.39,948.45,551.98
002,19,7,20,8,,,30,7,2018,12,43,2,634.20,3.02,948.52,551.38
002,16,7,19,7,,,30,7,2018,12,48,2,634.00,4.80,948.55,551.10
002,106,94,94,99,,,30,7,2018,12,53,2,631.50,6.21,948.63,550.42
002,363,329,307,245,,,30,7,2018,12,58,2,633.10,7.44,948.64,550.28
002,387,364,363,234,,,30,7,2018,13,3,2,630.90,8.74,948.64,550.29
002,465,409,359,283,,,30,7,2018,13,8,2,628.40,10.13,948.61,550.56
002,460,443,409,312,,,30,7,2018,13,13,2,628.80,10.38,948.69,549.84
002,493,467,378,347,,,30,7,2018,13,18,2,628.80,11.36,948.71,549.71
002,540,491,497,351,,,30,7,2018,13,23,2,629.70,12.36,948.72,549.61
002,567,523,460,381,,,30,7,2018,13,28,2,630.30,12.71,948.80,548.91
002,584,540,533,403,,,30,7,2018,13,33,2,630.80,13.19,948.84,548.55
002,616,569,520,425,,,30,7,2018,13,38,2,631.20,14.03,948.78,549.09
002,653,601,563,445,,,30,7,2018,13,43,2,628.40,14.30,948.80,548.92
002,672,631,617,459,,,30,7,2018,13,48,2,632.70,14.53,948.69,549.87
002,683,641,544,446,,,30,7,2018,13,53,2,629.90,15.47,948.81,548.79
002,754,675,667,507,,,30,7,2018,13,58,2,632.40,15.21,948.79,549.02
002,769,709,681,518,,,30,7,2018,14,3,2,631.20,15.09,948.78,549.05
002,797,690,701,524,,,30,7,2018,14,8,2,630.90,15.74,948.72,549.61
002,829,762,732,555,,,30,7,2018,14,13,2,628.40,16.19,948.75,549.36
002,861,785,769,576,,,30,7,2018,14,18,2,632.00,16.67,948.77,549.16
002,872,795,793,593,,,30,7,2018,14,23,2,629.40,17.72,948.79,548.98
002,979,904,829,625,,,30,7,2018,14,28,2,631.20,17.88,948.81,548.82
002,995,857,876,664,,,30,7,2018,14,33,2,631.50,17.91,948.72,549.55
002,820,817,855,525,,,30,7,2018,14,38,2,630.50,18.78,948.82,548.75
002,1036,913,907,677,,,30,7,2018,14,43,2,631.40,19.79,948.78,549.09
002,1049,920,908,674,,,30,7,2018,14,48,2,632.40,20.52,948.74,549.42
002,1051,952,937,703,,,30,7,2018,14,53,2,629.20,20.51,948.67,550.02
002,1081,948,950,713,,,30,7,2018,14,58,2,627.80,20.93,948.56,551.00
002,1092,969,985,716,,,30,7,2018,15,3,2,629.70,21.21,948.57,550.90
002,1083,989,988,735,,,30,7,2018,15,8,2,631.50,20.76,948.50,551.53
002,1113,1001,999,741,,,30,7,2018,15,13,2,630.60,20.83,948.44,552.10
002,1083,969,969,724,,,30,7,2018,15,18,2,629.10,21.29,948.34,552.90
002,1097,990,989,752,,,30,7,2018,15,23,2,634.60,21.42,948.32,553.09
002,1119,1003,977,766,,,30,7,2018,15,28,2,631.40,20.91,948.37,552.65
002,1129,1032,1020,765,,,30,7,2018,15,33,2,632.10,21.43,948.32,553.08
002,1133,1009,1037,761,,,30,7,2018,15,38,2,630.80,20.58,948.24,553.81
002,1180,1049,1041,785,,,30,7,2018,15,43,2,631.20,21.34,948.18,554.30
002,1157,1016,1046,768,,,30,7,2018,15,48,2,632.90,21.49,948.22,553.97
002,1160,1029,1011,769,,,30,7,2018,15,53,2,630.80,22.08,948.13,554.78
002,1161,1053,1033,776,,,30,7,2018,15,58,2,629.50,22.26,948.08,555.26
002,1107,1017,984,750,,,30,7,2018,16,3,2,630.00,22.55,948.11,554.96
002,1145,1025,1033,769,,,30,7,2018,16,8,2,630.20,22.28,948.05,555.45
002,1137,1001,1044,757,,,30,7,2018,16,13,2,629.30,23.19,948.03,555.67
002,1161,1033,1058,786,,,30,7,2018,16,18,2,626.30,22.72,947.99,555.99
002,1168,1033,1053,769,,,30,7,2018,16,23,2,630.00,22.36,947.98,556.05
002,1136,1017,1019,768,,,30,7,2018,16,28,2,624.00,23.41,948.01,555.80
002,1156,1048,1036,745,,,30,7,2018,16,33,2,624.30,23.17,948.01,555.86
002,1135,1025,1039,771,,,30,7,2018,16,38,2,627.10,23.34,947.96,556.25
002,1144,1021,1017,761,,,30,7,2018,16,43,2,628.60,24.66,948.03,555.69
002,1141,1005,1009,761,,,30,7,2018,16,48,2,629.20,24.32,947.84,557.32
002,1117,953,988,728,,,30,7,2018,16,53,2,624.80,24.68,947.75,558.10
002,1124,1021,1019,780,,,30,7,2018,16,58,2,629.60,24.03,947.68,558.71
002,1084,972,978,716,,,30,7,2018,17,3,2,626.30,24.64,947.67,558.78
002,1100,969,969,716,,,30,7,2018,17,8,2,620.20,25.89,947.60,559.46
002,1064,941,945,692,,,30,7,2018,17,13,2,630.30,26.11,947.52,560.18
002,1024,929,922,709,,,30,7,2018,17,18,2,631.90,24.68,947.53,560.06
002,1069,945,947,705,,,30,7,2018,17,23,2,632.30,23.97,947.44,560.83
002,1090,975,982,733,,,30,7,2018,17,28,2,630.80,23.59,947.41,561.14
002,1172,1000,1021,757,,,30,7,2018,17,33,2,626.30,24.86,947.44,560.81
002,1113,991,1008,745,,,30,7,2018,17,38,2,635.40,24.40,947.41,561.09
002,1105,984,997,744,,,30,7,2018,17,43,2,633.60,24.79,947.35,561.67
002,1117,991,1008,745,,,30,7,2018,17,48,2,634.30,25.28,947.36,561.51
002,1177,1049,1025,769,,,30,7,2018,17,53,2,638.00,25.88,947.34,561.71
002,1112,996,991,748,,,30,7,2018,17,58,2,639.10,26.31,947.32,561.89
002,1086,984,989,741,,,30,7,2018,18,3,2,641.50,25.40,947.12,563.62
002,1073,975,968,729,,,30,7,2018,18,8,2,641.40,25.76,947.09,563.91
002,1065,937,950,732,,,30,7,2018,18,13,2,634.70,26.63,947.14,563.44
002,1052,933,941,697,,,30,7,2018,18,18,2,636.30,25.82,947.12,563.65
002,988,910,897,664,,,30,7,2018,18,23,2,634.60,25.24,947.04,564.39
002,990,889,881,648,,,30,7,2018,18,28,2,639.10,25.88,946.98,564.92
002,982,889,876,664,,,30,7,2018,18,33,2,636.70,24.96,946.94,565.27
002,989,902,889,645,,,30,7,2018,18,38,2,632.20,24.50,946.89,565.71
002,972,844,840,641,,,30,7,2018,18,43,2,634.70,25.41,946.81,566.37
002,936,826,829,633,,,30,7,2018,18,48,2,635.70,24.54,946.79,566.52
002,927,825,829,612,,,30,7,2018,18,53,2,636.50,24.26,946.70,567.34
002,956,860,857,636,,,30,7,2018,18,58,2,634.40,24.45,946.66,567.71
002,936,861,841,625,,,30,7,2018,19,3,2,636.80,24.88,946.64,567.85
002,929,854,856,633,,,30,7,2018,19,8,2,636.40,24.01,946.65,567.77
002,921,798,816,621,,,30,7,2018,19,13,2,637.10,24.93,946.72,567.17
002,924,829,832,629,,,30,7,2018,19,18,2,637.10,24.77,946.68,567.51
002,920,849,841,632,,,30,7,2018,19,23,2,635.00,24.16,946.67,567.62
002,909,816,836,604,,,30,7,2018,19,28,2,637.30,23.95,946.69,567.43
002,905,829,828,617,,,30,7,2018,19,33,2,636.90,23.07,946.55,568.65
002,897,797,809,609,,,30,7,2018,19,38,2,635.00,22.99,946.64,567.90
002,873,776,792,577,,,30,7,2018,19,43,2,633.30,22.41,946.56,568.58
002,844,769,768,555,,,30,7,2018,19,48,2,636.00,22.10,946.50,569.10
002,793,725,713,537,,,30,7,2018,19,53,2,639.90,22.05,946.55,568.65
002,800,709,697,532,,,30,7,2018,19,58,2,639.10,22.01,946.55,568.66
002,769,681,684,509,,,30,7,2018,20,3,2,635.00,21.63,946.55,568.70
002,733,681,665,500,,,30,7,2018,20,8,2,635.60,21.63,946.46,569.45
002,708,641,633,480,,,30,7,2018,20,13,2,636.20,21.81,946.46,569.49
002,697,617,612,449,,,30,7,2018,20,18,2,633.80,21.98,946.46,569.49
002,638,585,584,437,,,30,7,2018,20,23,2,636.50,21.73,946.45,569.59
002,624,548,533,418,,,30,7,2018,20,28,2,635.30,21.43,946.42,569.84
002,569,540,521,385,,,30,7,2018,20,33,2,636.50,20.75,946.39,570.05
002,548,505,485,353,,,30,7,2018,20,38,2,634.70,19.90,946.33,570.62
002,489,441,432,329,,,30,7,2018,20,43,2,637.70,19.38,946.44,569.68
002,429,393,376,289,,,30,7,2018,20,48,2,634.70,19.05,946.47,569.40
002,409,377,347,269,,,30,7,2018,20,53,2,635.80,18.37,946.43,569.69
002,369,324,302,235,,,30,7,2018,20,58,2,636.60,18.12,946.46,569.49
002,287,282,264,195,,,30,7,2018,21,3,2,630.20,17.85,946.53,568.82
002,245,223,205,151,,,30,7,2018,21,8,2,630.60,17.36,946.58,568.43
002,198,200,173,119,,,30,7,2018,21,13,2,632.90,16.92,946.54,568.73
002,154,143,127,107,,,30,7,2018,21,18,2,629.00,16.36,946.65,567.77
002,103,93,101,97,,,30,7,2018,21,23,2,628.30,15.94,946.66,567.71
002,9,6,11,7,,,31,7,2018,12,23,2,633.70,-0.55,944.03,590.89
002,65,42,49,29,,,31,7,2018,12,28,2,633.30,0.47,943.99,591.23
002,39,31,41,53,,,31,7,2018,12,33,2,630.00,1.49,943.93,591.75
002,175,191,148,120,,,31,7,2018,12,38,2,633.90,2.81,943.86,592.33
002,9,12,17,8,,,31,7,2018,12,43,2,632.00,4.31,943.98,591.34
002,216,209,207,95,,,31,7,2018,12,48,2,639.80,6.34,944.05,590.66
002,292,293,268,174,,,31,7,2018,12,53,2,634.60,7.21,944.15,589.83
002,317,259,239,173,,,31,7,2018,12,58,2,631.90,9.26,944.15,589.85
002,374,352,331,259,,,31,7,2018,13,3,2,633.00,10.97,944.19,589.50
002,422,401,387,291,,,31,7,2018,13,8,2,632.40,11.41,944.29,588.53
002,449,411,398,313,,,31,7,2018,13,13,2,628.60,12.40,944.26,588.84
002,473,445,408,299,,,31,7,2018,13,18,2,629.50,13.14,944.32,588.27
002,473,451,424,327,,,31,7,2018,13,23,2,625.90,14.39,944.30,588.50
002,565,505,493,369,,,31,7,2018,13,28,2,629.20,15.29,944.30,588.46
002,588,537,521,387,,,31,7,2018,13,33,2,630.60,16.21,944.35,588.06
002,563,503,555,401,,,31,7,2018,13,38,2,628.40,17.36,944.39,587.71
002,657,575,571,447,,,31,7,2018,13,43,2,626.70,18.27,944.33,588.23
002,689,637,619,454,,,31,7,2018,13,48,2,634.30,19.01,944.38,587.81
002,689,633,633,465,,,31,7,2018,13,53,2,636.90,19.04,944.37,587.86
002,741,686,665,497,,,31,7,2018,13,58,2,627.30,19.40,944.39,587.71
002,773,700,668,508,,,31,7,2018,14,3,2,628.30,19.34,944.34,588.13
002,799,728,733,539,,,31,7,2018,14,8,2,631.00,19.64,944.30,588.50
002,809,721,725,545,,,31,7,2018,14,13,2,627.90,19.41,944.30,588.49
002,827,744,731,545,,,31,7,2018,14,18,2,631.20,19.41,944.36,587.91
002,843,741,753,569,,,31,7,2018,14,23,2,629.00,19.46,944.33,588.23
002,848,777,753,563,,,31,7,2018,14,28,2,630.00,19.67,944.33,588.22
002,861,785,775,566,,,31,7,2018,14,33,2,628.60,19.95,944.36,587.99
002,856,785,769,575,,,31,7,2018,14,38,2,630.40,20.24,944.37,587.89
002,945,829,831,622,,,31,7,2018,14,43,2,631.80,20.46,944.31,588.36
002,982,853,856,641,,,31,7,2018,14,48,2,630.60,20.63,944.38,587.79
002,977,865,873,643,,,31,7,2018,14,53,2,628.10,21.09,944.35,588.06
002,969,890,885,648,,,31,7,2018,14,58,2,633.00,21.64,944.23,589.11
002,953,865,881,657,,,31,7,2018,15,3,2,632.10,21.42,944.31,588.36
002,961,849,863,643,,,31,7,2018,15,8,2,633.60,21.85,944.34,588.14
002,973,873,876,649,,,31,7,2018,15,13,2,626.10,21.91,944.33,588.18
002,1008,910,893,663,,,31,7,2018,15,18,2,631.00,22.32,944.29,588.55
002,985,889,892,664,,,31,7,2018,15,23,2,635.20,21.42,944.37,587.87
002,972,857,849,632,,,31,7,2018,15,28,2,632.20,22.28,944.33,588.23
002,765,739,755,551,,,31,7,2018,15,33,2,629.40,22.99,944.30,588.52
002,1020,905,910,688,,,31,7,2018,15,38,2,628.50,23.90,944.30,588.48
002,988,881,885,657,,,31,7,2018,15,43,2,630.20,24.33,944.40,587.59
002,1007,893,894,681,,,31,7,2018,15,48,2,627.10,24.81,944.33,588.25
002,1046,948,927,686,,,31,7,2018,15,53,2,628.10,24.68,944.33,588.18
002,1073,956,937,702,,,31,7,2018,15,58,2,628.10,24.41,944.27,588.75
002,1014,889,920,678,,,31,7,2018,16,3,2,625.70,25.38,944.25,588.90
002,1009,920,904,675,,,31,7,2018,16,8,2,625.10,24.73,944.14,589.93
002,996,905,905,661,,,31,7,2018,16,13,2,626.00,24.91,944.15,589.85
002,977,883,888,656,,,31,7,2018,16,18,2,624.80,25.24,944.08,590.41
002,1009,897,889,669,,,31,7,2018,16,23,2,623.60,25.51,944.04,590.74
002,977,863,874,648,,,31,7,2018,16,28,2,624.60,25.97,944.02,590.98
002,1048,941,956,717,,,31,7,2018,16,33,2,623.80,25.83,943.88,592.16
002,1053,908,921,672,,,31,7,2018,16,38,2,623.30,26.18,943.91,591.95
002,1102,987,974,739,,,31,7,2018,16,43,2,624.70,26.02,943.86,592.32
002,1037,932,956,689,,,31,7,2018,16,48,2,622.90,26.38,943.84,592.56
002,964,881,894,653,,,31,7,2018,16,53,2,625.30,26.39,943.76,593.26
002,1065,953,942,710,,,31,7,2018,16,58,2,620.40,25.31,943.69,593.87
002,1016,913,920,676,,,31,7,2018,17,3,2,626.00,25.21,943.56,595.00
002,1045,913,923,708,,,31,7,2018,17,8,2,625.50,24.89,943.61,594.54
002,1000,901,889,652,,,31,7,2018,17,13,2,626.10,24.25,943.49,595.65
002,944,849,848,639,,,31,7,2018,17,18,2,629.00,23.82,943.48,595.72
002,916,824,813,605,,,31,7,2018,17,23,2,627.60,24.75,943.51,595.45
002,936,824,833,625,,,31,7,2018,17,28,2,627.50,24.38,943.41,596.37
002,950,817,840,628,,,31,7,2018,17,33,2,632.00,24.23,943.44,596.03
002,904,829,837,603,,,31,7,2018,17,38,2,628.50,24.86,943.42,596.29
002,861,790,801,580,,,31,7,2018,17,43,2,631.40,24.65,943.35,596.90
002,836,756,748,540,,,31,7,2018,17,48,2,626.70,24.76,943.34,596.98
002,820,793,716,559,,,31,7,2018,17,53,2,629.60,23.99,943.27,597.54
002,843,772,777,561,,,31,7,2018,17,58,2,632.20,23.68,943.24,597.86
002,845,774,761,565,,,31,7,2018,18,3,2,631.40,23.85,943.17,598.46
002,863,785,765,568,,,31,7,2018,18,8,2,629.60,24.64,943.16,598.53
002,861,781,782,579,,,31,7,2018,18,13,2,635.70,24.51,943.19,598.31
002,819,745,742,544,,,31,7,2018,18,18,2,625.70,25.07,943.22,598.04
002,840,757,740,553,,,31,7,2018,18,23,2,629.70,25.28,943.18,598.35
002,824,740,753,553,,,31,7,2018,18,28,2,629.60,25.26,943.18,598.34
002,876,773,769,573,,,31,7,2018,18,33,2,626.20,25.03,943.21,598.05
002,808,732,726,541,,,31,7,2018,18,38,2,627.90,25.45,943.17,598.45
002,825,708,700,526,,,31,7,2018,18,43,2,632.30,25.33,943.12,598.88
002,790,680,692,521,,,31,7,2018,18,48,2,631.90,25.21,943.14,598.72
002,717,655,633,493,,,31,7,2018,18,53,2,629.70,26.18,943.10,599.03
002,641,581,575,437,,,31,7,2018,18,58,2,631.70,24.81,943.13,598.80
002,633,593,557,402,,,31,7,2018,19,3,2,633.00,24.34,943.13,598.76
002,693,606,613,459,,,31,7,2018,19,8,2,632.80,23.59,943.15,598.65
002,668,601,604,447,,,31,7,2018,19,13,2,636.20,23.26,943.18,598.34
002,639,563,576,433,,,31,7,2018,19,18,2,635.30,22.85,943.15,598.63
002,560,479,465,361,,,31,7,2018,19,23,2,636.00,22.71,943.18,598.41
002,600,543,517,393,,,31,7,2018,19,28,2,635.90,23.24,943.28,597.47
002,641,580,564,420,,,31,7,2018,19,33,2,634.40,22.85,943.29,597.37
002,622,581,569,416,,,31,7,2018,19,38,2,629.90,22.56,943.19,598.24
002,654,588,573,424,,,31,7,2018,19,43,2,635.40,22.65,943.29,597.37
002,625,585,565,408,,,31,7,2018,19,48,2,637.60,22.57,943.25,597.71
002,619,569,569,420,,,31,7,2018,19,53,2,634.80,23.08,943.24,597.79
002,543,505,465,363,,,31,7,2018,19,58,2,636.70,22.97,943.23,597.95
002,513,480,482,321,,,31,7,2018,20,3,2,638.40,22.15,943.28,597.50
002,488,457,441,324,,,31,7,2018,20,8,2,638.40,21.68,943.31,597.23
002,484,433,409,312,,,31,7,2018,20,13,2,641.00,21.89,943.33,597.01
002,447,401,398,305,,,31,7,2018,20,18,2,638.30,21.82,943.27,597.53
002,419,405,385,280,,,31,7,2018,20,23,2,634.00,21.42,943.33,597.03
002,380,380,335,257,,,31,7,2018,20,28,2,634.60,20.89,943.30,597.34
002,347,319,309,229,,,31,7,2018,20,33,2,630.00,20.60,943.38,596.59
002,293,273,247,189,,,31,7,2018,20,38,2,635.10,20.60,943.45,596.02
002,281,264,232,159,,,31,7,2018,20,43,2,636.70,19.74,943.43,596.18
002,229,233,205,151,,,31,7,2018,20,48,2,636.10,19.02,943.41,596.29
002,212,204,185,141,,,31,7,2018,20,53,2,637.90,18.67,943.48,595.70
002,185,173,157,119,,,31,7,2018,20,58,2,635.90,18.17,943.61,594.59
002,157,146,145,103,,,31,7,2018,21,3,2,631.80,17.72,943.62,594.51
002,133,138,116,113,,,31,7,2018,21,8,2,633.30,17.34,943.55,595.07
002,109,95,93,94,,,31,7,2018,21,13,2,629.60,17.02,943.66,594.10
002,85,102,83,55,,,31,7,2018,21,18,2,640.90,16.73,943.68,593.98
002,69,48,57,27,,,31,7,2018,21,23,2,631.30,16.02,943.72,593.63
