010,292,290,309,239,,,22,7,2019,20,57,15,0.00,10.32,954.31,500.64
010,0,0,0,0,33.4580,S,70.6648,W,22,7,2019,20,57,16,0.00,10.32,954.31,500.64
010,0,0,0,0,33.4580,S,70.6648,W,22,7,2019,20,57,17,0.00,10.32,954.31,500.64
010,253,254,264,182,33.4580,S,70.6648,W,22,7,2019,21,0,24,0.00,10.30,954.26,501.07
010,297,248,257,222,33.4580,S,70.6648,W,22,7,2019,21,1,4,563.30,10.30,954.26,501.07
010,275,249,237,183,33.4580,S,70.6648,W,22,7,2019,21,1,43,,10.30,954.26,501.07
010,234,219,193,189,33.4581,S,70.6648,W,0,0,2000,21,5,44,565.20,10.45,954.42,499.67
010,210,213,197,201,33.4581,S,70.6648,W,22,7,2019,21,6,23,565.10,10.45,954.42,499.67
010,217,197,183,181,33.4581,S,70.6648,W,22,7,2019,21,7,2,,10.45,954.42,499.67
010,172,161,155,188,33.4581,S,70.6648,W,22,7,2019,21,10,44,568.10,9.92,954.29,500.76
010,168,162,143,180,33.4581,S,70.6648,W,22,7,2019,21,11,23,568.10,9.92,954.29,500.76
010,156,142,137,178,33.4581,S,70.6648,W,22,7,2019,21,12,2,,9.92,954.29,500.76
010,100,84,1329,48,33.4580,S,70.6648,W,23,7,2019,12,25,44,553.70,2.11,954.90,495.45
010,132,134,1373,72,33.4580,S,70.6648,W,23,7,2019,12,26,23,553.90,2.11,954.90,495.45
010,176,148,1408,60,33.4580,S,70.6648,W,23,7,2019,12,27,2,,2.11,954.90,495.45
010,144,156,1586,159,33.4581,S,70.6648,W,23,7,2019,12,35,44,557.00,2.93,955.00,
010,164,156,1571,171,33.4581,S,70.6648,W,23,7,2019,12,36,23,556.90,2.93,955.00,
010,145,141,1550,189,33.4581,S,70.6648,W,23,7,2019,12,37,2,,2.93,955.00,
010,186,173,1555,206,33.4581,S,70.6648,W,23,7,2019,12,40,44,551.00,3.26,954.98,
010,191,178,1503,207,33.4581,S,70.6648,W,23,7,2019,12,41,23,551.10,3.26,954.98,
010,185,177,1543,184,33.4581,S,70.6648,W,23,7,2019,12,42,2,,3.26,954.98,
010,211,197,1252,228,33.4581,S,70.6648,W,23,7,2019,12,45,44,550.60,3.94,955.13,
010,223,200,1265,205,33.4581,S,70.6648,W,23,7,2019,12,46,23,550.60,3.94,955.13,
010,225,211,1339,195,33.4581,S,70.6648,W,23,7,2019,12,47,2,,3.94,955.13,
010,265,235,1753,227,33.4581,S,70.6648,W,23,7,2019,12,50,44,551.50,4.90,955.24,
010,268,250,1609,220,33.4581,S,70.6648,W,23,7,2019,12,51,23,551.60,4.90,955.24,
010,281,248,1544,236,33.4581,S,70.6648,W,23,7,2019,12,52,2,,4.90,955.24,
010,336,285,1411,243,33.4581,S,70.6648,W,23,7,2019,13,0,44,548.80,5.68,955.45,490.66
010,321,302,1471,245,33.4581,S,70.6648,W,23,7,2019,13,1,23,549.00,5.68,955.45,490.66
010,333,287,1433,241,33.4581,S,70.6648,W,23,7,2019,13,2,2,,5.68,955.45,490.66
010,434,365,1549,359,33.4581,S,70.6648,W,23,7,2019,13,10,44,555.40,6.56,955.54,
010,420,374,1298,349,33.4581,S,70.6648,W,23,7,2019,13,11,23,555.50,6.56,955.54,
010,431,381,1577,369,33.4581,S,70.6648,W,23,7,2019,13,12,2,,6.56,955.54,
010,487,408,2050,406,33.4581,S,70.6648,W,23,7,2019,13,15,44,559.00,7.08,955.56,
010,474,420,2100,400,33.4581,S,70.6648,W,23,7,2019,13,16,23,559.00,7.08,955.56,
010,484,409,2156,467,33.4581,S,70.6648,W,23,7,2019,13,17,2,,7.08,955.56,
010,649,548,2500,568,33.4580,S,70.6648,W,23,7,2019,13,55,44,557.60,10.89,956.26,
010,660,543,1885,585,33.4580,S,70.6648,W,23,7,2019,13,56,23,557.50,10.89,956.26,
010,672,554,2079,613,33.4580,S,70.6648,W,23,7,2019,13,57,2,,10.89,956.26,
010,707,588,2521,612,33.4580,S,70.6648,W,0,0,2000,14,0,44,555.10,10.28,956.18,484.31
010,678,577,1433,634,33.4580,S,70.6648,W,23,7,2019,14,1,23,555.10,10.28,956.18,484.31
010,701,581,2340,621,33.4580,S,70.6648,W,23,7,2019,14,2,2,,10.28,956.18,484.31
010,685,592,2258,615,33.4580,S,70.6648,W,0,0,2000,14,10,44,556.20,10.92,956.30,
010,689,581,2143,622,33.4580,S,70.6648,W,23,7,2019,14,11,23,556.30,10.92,956.30,
010,700,588,2204,640,33.4580,S,70.6648,W,23,7,2019,14,12,2,,10.92,956.30,
010,740,620,2624,688,33.4581,S,70.6648,W,0,0,2000,14,15,44,552.70,10.56,956.25,
010,744,617,2798,688,33.4581,S,70.6648,W,23,7,2019,14,16,23,554.60,10.56,956.25,
010,760,629,2596,699,33.4581,S,70.6648,W,23,7,2019,14,17,2,,10.56,956.25,
010,778,641,2665,696,33.4580,S,70.6648,W,0,0,2000,14,20,44,551.10,9.49,956.24,
010,774,639,2365,728,33.4580,S,70.6648,W,23,7,2019,14,21,23,551.80,9.49,956.24,
010,769,631,2482,733,33.4580,S,70.6648,W,23,7,2019,14,22,2,,9.49,956.24,
010,831,724,2655,774,33.4581,S,70.6648,W,0,0,2000,14,25,44,551.00,9.79,956.34,
010,825,690,1698,772,33.4581,S,70.6648,W,23,7,2019,14,26,23,551.40,9.79,956.34,
010,829,708,1641,778,33.4581,S,70.6648,W,23,7,2019,14,27,2,,9.79,956.34,
010,818,681,2606,780,33.4581,S,70.6648,W,0,0,2000,14,30,44,557.10,10.62,956.43,
010,847,688,2679,774,33.4581,S,70.6648,W,23,7,2019,14,31,23,557.00,10.62,956.43,
010,870,716,1727,772,33.4581,S,70.6648,W,23,7,2019,14,32,2,,10.62,956.43,
010,868,690,2751,774,33.4581,S,70.6647,W,23,7,2019,14,35,44,567.00,10.77,956.36,
010,852,700,1929,788,33.4581,S,70.6647,W,23,7,2019,14,36,23,566.80,10.77,956.36,
010,860,713,2121,792,33.4581,S,70.6648,W,23,7,2019,14,37,2,,10.77,956.36,
010,880,751,2828,837,33.4581,S,70.6647,W,0,0,2000,14,40,44,568.30,11.74,956.45,
010,896,729,2766,797,33.4581,S,70.6647,W,23,7,2019,14,41,23,568.20,11.74,956.45,
010,877,749,2060,813,33.4581,S,70.6647,W,23,7,2019,14,42,2,,11.74,956.45,
010,868,703,2417,787,33.4581,S,70.6648,W,0,0,2000,14,45,44,560.60,12.51,956.61,
010,884,740,2329,809,33.4581,S,70.6648,W,23,7,2019,14,46,23,560.70,12.51,956.61,
010,888,735,2214,820,33.4581,S,70.6648,W,23,7,2019,14,47,2,,12.51,956.61,
010,897,760,2640,844,33.4581,S,70.6648,W,0,0,2000,14,50,44,554.00,12.26,956.56,
010,922,768,2552,844,33.4581,S,70.6648,W,23,7,2019,14,51,23,554.10,12.26,956.56,
010,913,754,2268,837,33.4581,S,70.6648,W,23,7,2019,14,52,2,,12.26,956.56,
010,946,784,2912,893,33.4581,S,70.6648,W,0,0,2000,15,0,44,564.80,13.43,956.57,480.91
010,950,787,1823,892,33.4581,S,70.6648,W,23,7,2019,15,1,23,564.70,13.43,956.57,480.91
010,954,782,1991,909,33.4581,S,70.6648,W,23,7,2019,15,2,2,,13.43,956.57,480.91
010,932,782,2632,861,33.4581,S,70.6648,W,0,0,2000,15,5,44,561.90,13.98,956.63,480.38
010,905,789,2265,876,33.4581,S,70.6648,W,23,7,2019,15,6,23,562.70,13.98,956.63,480.38
010,923,785,1968,876,33.4581,S,70.6648,W,23,7,2019,15,7,2,,13.98,956.63,480.38
010,1004,822,2732,900,33.4580,S,70.6647,W,0,0,2000,15,10,44,573.90,14.32,956.72,
010,977,808,2884,927,33.4580,S,70.6647,W,23,7,2019,15,11,23,569.80,14.32,956.72,
010,985,817,2875,917,33.4580,S,70.6647,W,23,7,2019,15,12,2,,14.32,956.72,
010,968,802,2741,884,33.4581,S,70.6648,W,0,0,2000,15,15,44,563.50,13.58,956.68,
010,951,809,2249,916,33.4581,S,70.6648,W,23,7,2019,15,16,23,563.60,13.58,956.68,
010,982,812,2638,927,33.4581,S,70.6648,W,23,7,2019,15,17,2,,13.58,956.68,
010,1004,832,2546,959,33.4581,S,70.6648,W,0,0,2000,15,20,44,552.50,15.26,956.75,
010,1016,844,2678,964,33.4581,S,70.6648,W,23,7,2019,15,21,23,552.70,15.26,956.75,
010,1032,854,2574,972,33.4581,S,70.6648,W,23,7,2019,15,22,2,,15.26,956.75,
010,1000,818,2683,925,33.4581,S,70.6648,W,0,0,2000,15,25,44,555.50,15.36,956.71,
010,1027,844,2347,949,33.4581,S,70.6648,W,23,7,2019,15,26,23,555.40,15.36,956.71,
010,1022,833,1927,956,33.4581,S,70.6648,W,23,7,2019,15,27,2,,15.36,956.71,
010,996,810,2579,909,33.4581,S,70.6647,W,0,0,2000,15,35,44,555.10,13.69,956.60,
010,981,794,2478,904,33.4581,S,70.6648,W,23,7,2019,15,36,23,555.00,13.69,956.60,
010,972,817,2243,901,33.4581,S,70.6647,W,23,7,2019,15,37,2,,13.69,956.60,
010,1001,817,2707,948,33.4580,S,70.6648,W,0,0,2000,15,40,44,553.60,14.64,956.66,
010,1006,823,2430,937,33.4580,S,70.6648,W,23,7,2019,15,41,23,553.60,14.64,956.66,
010,1004,841,2695,937,33.4581,S,70.6648,W,23,7,2019,15,42,2,,14.64,956.66,
010,1028,857,3500,962,33.4581,S,70.6648,W,0,0,2000,15,45,44,551.20,15.26,956.67,
010,1045,861,1969,964,33.4580,S,70.6648,W,23,7,2019,15,46,23,551.20,15.26,956.67,
010,1069,870,1965,980,33.4580,S,70.6648,W,23,7,2019,15,47,2,,15.26,956.67,
010,985,835,2365,904,33.4581,S,70.6648,W,0,0,2000,15,50,44,549.90,15.70,956.67,
010,989,824,2295,920,33.4581,S,70.6648,W,23,7,2019,15,51,23,550.00,15.70,956.67,
010,1008,824,3124,934,33.4581,S,70.6648,W,23,7,2019,15,52,2,,15.70,956.67,
010,994,832,1956,932,33.4581,S,70.6648,W,0,0,2000,15,55,44,552.50,15.35,956.69,
010,1009,844,2259,941,33.4581,S,70.6648,W,23,7,2019,15,56,23,552.50,15.35,956.69,
010,972,810,2180,940,33.4581,S,70.6648,W,23,7,2019,15,57,2,,15.35,956.69,
010,988,820,2897,917,33.4581,S,70.6648,W,0,0,2000,16,0,44,551.80,15.25,956.70,479.78
010,988,812,2864,900,33.4581,S,70.6648,W,23,7,2019,16,1,23,552.00,15.25,956.70,479.78
010,967,808,2396,924,33.4581,S,70.6648,W,23,7,2019,16,2,2,,15.25,956.70,479.78
010,996,818,2745,928,33.4581,S,70.6648,W,0,0,2000,16,5,44,555.40,15.73,956.73,
010,1006,816,2633,932,33.4581,S,70.6648,W,23,7,2019,16,6,23,555.30,15.73,956.73,
010,996,825,2598,979,33.4581,S,70.6648,W,23,7,2019,16,7,2,,15.73,956.73,
010,1041,884,2687,1005,33.4581,S,70.6648,W,0,0,2000,16,20,44,553.00,14.07,,
010,1073,886,2688,1013,33.4581,S,70.6648,W,23,7,2019,16,21,23,552.70,14.07,,
010,1062,894,2929,1002,33.4581,S,70.6648,W,23,7,2019,16,22,2,,14.07,,
010,1084,872,2743,1025,33.4581,S,70.6648,W,0,0,2000,16,25,44,550.40,14.61,956.59,
010,1070,884,2337,992,33.4581,S,70.6648,W,23,7,2019,16,26,23,550.50,14.61,956.59,
010,1060,876,2065,956,33.4581,S,70.6648,W,23,7,2019,16,27,2,,14.61,956.59,
010,1092,878,2563,1007,33.4581,S,70.6648,W,0,0,2000,16,30,44,546.00,14.64,,
010,1059,889,2716,1008,33.4581,S,70.6648,W,23,7,2019,16,31,23,548.10,14.64,,
010,1062,887,1976,1020,33.4581,S,70.6648,W,23,7,2019,16,32,2,,14.64,,
010,1148,933,2738,1085,33.4581,S,70.6648,W,0,0,2000,16,35,44,560.00,15.23,,
010,1140,948,2060,1065,33.4581,S,70.6648,W,23,7,2019,16,36,23,559.70,15.23,,
010,1102,928,1693,1064,33.4581,S,70.6648,W,23,7,2019,16,37,2,,15.23,,
010,1081,872,3052,1060,33.4580,S,70.6649,W,0,0,2000,16,40,44,581.80,14.82,,
010,1112,942,2884,1069,33.4580,S,70.6649,W,23,7,2019,16,41,23,579.50,14.82,,
010,1136,961,2454,1078,33.4580,S,70.6649,W,23,7,2019,16,42,2,,14.82,,
010,1134,936,3071,1064,33.4580,S,70.6649,W,0,0,2000,16,45,44,578.30,14.82,,
010,1108,924,2625,1049,33.4580,S,70.6649,W,23,7,2019,16,46,23,576.40,14.82,,
010,1143,940,1771,1092,33.4580,S,70.6648,W,23,7,2019,16,47,2,,14.82,,
010,1124,930,3200,1038,33.4581,S,70.6648,W,0,0,2000,17,10,44,556.90,14.73,,
010,1124,930,2996,1069,33.4581,S,70.6648,W,23,7,2019,17,11,23,556.90,14.73,,
010,1114,927,2215,1053,33.4581,S,70.6648,W,23,7,2019,17,12,2,,14.73,,
010,1106,902,3143,1053,33.4580,S,70.6648,W,0,0,2000,17,15,44,557.10,15.27,,
010,1123,934,2936,1060,33.4580,S,70.6648,W,23,7,2019,17,16,23,556.90,15.27,,
010,1102,913,2493,1063,33.4580,S,70.6648,W,23,7,2019,17,17,2,,15.27,,
010,1097,896,2828,1052,33.4580,S,70.6648,W,0,0,2000,17,20,44,556.60,15.51,956.44,
010,1068,881,2504,1030,33.4580,S,70.6648,W,23,7,2019,17,21,23,556.60,15.51,956.44,
010,1076,873,2526,994,33.4580,S,70.6648,W,23,7,2019,17,22,2,,15.51,956.44,
010,994,825,2740,950,33.4580,S,70.6648,W,0,0,2000,17,25,44,555.90,15.03,956.50,
010,985,820,2927,767,33.4580,S,70.6648,W,23,7,2019,17,26,23,556.00,15.03,956.50,
010,1036,846,2556,976,33.4580,S,70.6648,W,23,7,2019,17,27,2,,15.03,956.50,
010,998,818,2794,944,33.4581,S,70.6648,W,0,0,2000,17,30,44,556.00,15.96,956.59,
010,969,825,2585,924,33.4581,S,70.6648,W,23,7,2019,17,31,23,556.20,15.96,956.59,
010,1010,813,2385,941,33.4581,S,70.6648,W,23,7,2019,17,32,2,,15.96,956.59,
010,1052,867,2855,991,33.4581,S,70.6647,W,0,0,2000,17,35,44,565.90,14.52,956.50,
010,1047,883,2391,1002,33.4581,S,70.6648,W,23,7,2019,17,36,23,565.60,14.52,956.50,
010,1053,860,3047,1006,33.4581,S,70.6648,W,23,7,2019,17,37,2,,14.52,956.50,
010,532,516,3167,586,33.4581,S,70.6648,W,0,0,2000,17,40,44,567.20,15.71,956.47,481.79
010,23,14,170,9,33.4581,S,70.6648,W,23,7,2019,17,41,23,565.80,15.71,956.47,481.79
010,26,17,176,10,33.4581,S,70.6648,W,23,7,2019,17,42,2,,15.71,956.47,481.79
010,1007,803,3003,910,33.4580,S,70.6648,W,0,0,2000,17,45,44,556.60,16.87,956.51,
010,980,787,2460,895,33.4580,S,70.6648,W,23,7,2019,17,46,23,556.70,16.87,956.51,
010,964,785,2603,910,33.4580,S,70.6648,W,23,7,2019,17,47,2,,16.87,956.51,
010,953,793,2688,885,33.4580,S,70.6648,W,0,0,2000,17,50,44,556.10,17.20,956.54,
010,942,776,2445,857,33.4581,S,70.6648,W,23,7,2019,17,51,23,556.30,17.20,956.54,
010,918,784,2697,866,33.4581,S,70.6648,W,23,7,2019,17,52,2,,17.20,956.54,
010,25,16,148,10,33.4581,S,70.6648,W,0,0,2000,18,55,44,568.80,15.63,956.56,481.01
010,26,13,146,10,33.4581,S,70.6648,W,23,7,2019,18,56,23,568.80,15.63,956.56,481.01
010,33,15,147,9,33.4581,S,70.6648,W,23,7,2019,18,57,2,,15.63,956.56,481.01
010,12,9,106,9,33.4580,S,70.6649,W,0,0,2000,19,0,44,566.90,16.64,956.58,480.80
010,11,9,106,9,33.4580,S,70.6649,W,23,7,2019,19,1,23,566.90,16.64,956.58,480.80
010,859,716,2212,804,33.4580,S,70.6649,W,23,7,2019,19,2,2,,16.64,956.58,480.80
010,914,721,2567,827,33.4580,S,70.6648,W,0,0,2000,19,5,44,562.70,17.48,956.59,480.73
010,900,724,2632,808,33.4580,S,70.6648,W,23,7,2019,19,6,23,562.60,17.48,956.59,480.73
010,870,734,2776,793,33.4580,S,70.6648,W,23,7,2019,19,7,2,,17.48,956.59,480.73
010,868,712,2720,799,33.4580,S,70.6648,W,0,0,2000,19,10,44,565.30,18.37,956.68,
010,879,722,2783,818,33.4580,S,70.6648,W,23,7,2019,19,11,23,563.90,18.37,956.68,
010,884,716,2926,820,33.4580,S,70.6648,W,23,7,2019,19,12,2,,18.37,956.68,
010,848,704,2738,785,33.4580,S,70.6649,W,0,0,2000,19,15,44,562.50,18.01,956.62,
010,852,732,2790,782,33.4580,S,70.6648,W,23,7,2019,19,16,23,562.60,18.01,956.62,
010,862,736,2865,774,33.4580,S,70.6648,W,23,7,2019,19,17,2,,18.01,956.62,
010,796,656,2726,748,33.4580,S,70.6648,W,0,0,2000,19,20,44,566.30,17.28,956.62,
010,816,657,2756,756,33.4580,S,70.6648,W,23,7,2019,19,21,23,566.10,17.28,956.62,
010,821,683,2276,776,33.4580,S,70.6648,W,23,7,2019,19,22,2,,17.28,956.62,
010,28,13,116,9,33.4580,S,70.6648,W,0,0,2000,19,30,44,565.70,16.57,956.55,481.08
010,29,17,136,11,33.4580,S,70.6648,W,23,7,2019,19,31,23,565.80,16.57,956.55,481.08
010,28,16,131,10,33.4580,S,70.6648,W,23,7,2019,19,32,2,,16.57,956.55,481.08
010,32,22,124,10,33.4580,S,70.6648,W,0,0,2000,19,35,44,559.50,16.86,956.53,481.25
010,26,17,127,10,33.4580,S,70.6648,W,23,7,2019,19,36,23,559.60,16.86,956.53,481.25
010,28,17,132,18,33.4580,S,70.6648,W,23,7,2019,19,37,2,,16.86,956.53,481.25
010,541,396,2239,513,33.4580,S,70.6648,W,0,0,2000,19,40,44,562.10,16.83,956.53,
010,756,620,2303,718,33.4580,S,70.6648,W,23,7,2019,19,41,23,561.70,16.83,956.53,
010,738,622,2028,657,33.4580,S,70.6648,W,23,7,2019,19,42,2,,16.83,956.53,
010,708,596,2043,699,33.4580,S,70.6648,W,0,0,2000,19,45,44,558.70,15.89,956.43,
010,708,582,1644,624,33.4580,S,70.6648,W,23,7,2019,19,46,23,558.60,15.89,956.43,
010,683,583,1948,630,33.4580,S,70.6648,W,23,7,2019,19,47,2,,15.89,956.43,
010,12,11,90,10,33.4580,S,70.6648,W,0,0,2000,19,50,44,560.10,15.70,956.57,480.86
010,14,11,87,9,33.4580,S,70.6648,W,23,7,2019,19,51,23,560.30,15.70,956.57,480.86
010,11,10,91,11,33.4580,S,70.6648,W,23,7,2019,19,52,2,,15.70,956.57,480.86
010,31,29,99,9,33.4580,S,70.6648,W,0,0,2000,19,55,44,561.00,17.10,956.57,480.85
010,537,508,2076,550,33.4580,S,70.6648,W,23,7,2019,19,56,23,561.10,17.10,956.57,480.85
010,592,503,1740,532,33.4580,S,70.6648,W,23,7,2019,19,57,2,,17.10,956.57,480.85
010,623,532,2020,550,33.4580,S,70.6648,W,0,0,2000,20,0,44,556.40,15.89,956.51,481.38
010,628,502,1671,550,33.4580,S,70.6648,W,23,7,2019,20,1,23,556.40,15.89,956.51,481.38
010,583,441,1775,466,33.4580,S,70.6648,W,23,7,2019,20,2,2,,15.89,956.51,481.38
010,33,19,119,9,33.4580,S,70.6648,W,0,0,2000,20,15,44,562.70,15.45,956.58,480.83
010,31,15,136,10,33.4580,S,70.6648,W,23,7,2019,20,16,23,562.40,15.45,956.58,480.83
010,31,12,174,9,33.4580,S,70.6648,W,23,7,2019,20,17,2,,15.45,956.58,480.83
010,526,433,1524,436,33.4580,S,70.6648,W,0,0,2000,20,20,44,552.30,15.11,956.57,
010,514,427,1352,435,33.4580,S,70.6648,W,23,7,2019,20,21,23,552.40,15.11,956.57,
010,503,428,1388,429,33.4580,S,70.6648,W,23,7,2019,20,22,2,,15.11,956.57,
010,492,411,1565,416,33.4581,S,70.6648,W,0,0,2000,20,25,44,560.70,14.73,956.69,
010,492,401,1545,401,33.4581,S,70.6648,W,23,7,2019,20,26,23,560.50,14.73,956.69,
010,453,375,1480,417,33.4581,S,70.6648,W,23,7,2019,20,27,2,,14.73,956.69,
010,140,192,1342,191,33.4581,S,70.6648,W,0,0,2000,20,30,44,570.10,15.30,956.73,479.49
010,40,21,166,11,33.4581,S,70.6648,W,23,7,2019,20,31,23,569.80,15.30,956.73,479.49
010,37,19,164,12,33.4581,S,70.6648,W,23,7,2019,20,32,2,,15.30,956.73,479.49
010,164,154,1407,132,33.4580,S,70.6648,W,0,0,2000,20,35,44,551.90,15.10,956.74,479.43
010,27,16,184,13,33.4580,S,70.6648,W,23,7,2019,20,36,23,552.50,15.10,956.74,479.43
010,33,18,186,11,33.4580,S,70.6648,W,23,7,2019,20,37,2,,15.10,956.74,479.43
010,14,12,140,10,33.4580,S,70.6648,W,0,0,2000,20,40,44,551.30,15.07,956.79,478.97
010,15,12,143,10,33.4580,S,70.6648,W,23,7,2019,20,41,23,551.30,15.07,956.79,478.97
010,18,12,142,8,33.4580,S,70.6648,W,23,7,2019,20,42,2,,15.07,956.79,478.97
010,12,9,119,9,33.4580,S,70.6648,W,0,0,2000,20,45,44,549.30,15.56,956.69,479.81
010,16,11,140,9,33.4580,S,70.6648,W,23,7,2019,20,46,23,550.90,15.56,956.69,479.81
010,16,12,156,9,33.4580,S,70.6648,W,23,7,2019,20,47,2,,15.56,956.69,479.81
010,16,11,140,9,33.4581,S,70.6648,W,0,0,2000,20,50,44,561.50,14.83,956.74,479.38
010,19,11,144,9,33.4581,S,70.6648,W,23,7,2019,20,51,23,561.30,14.83,956.74,479.38
010,16,13,143,9,33.4581,S,70.6648,W,23,7,2019,20,52,2,,14.83,956.74,479.38
010,15,11,150,9,33.4581,S,70.6648,W,0,0,2000,20,55,44,557.00,14.89,956.77,479.16
010,16,9,140,9,33.4581,S,70.6648,W,23,7,2019,20,56,23,557.10,14.89,956.77,479.16
010,18,14,151,9,33.4581,S,70.6648,W,23,7,2019,20,57,2,,14.89,956.77,479.16
010,20,11,157,11,33.4580,S,70.6648,W,0,0,2000,21,0,44,558.10,14.73,956.82,478.72
010,16,11,136,9,33.4580,S,70.6648,W,23,7,2019,21,1,23,558.10,14.73,956.82,478.72
010,16,11,149,9,33.4580,S,70.6648,W,23,7,2019,21,2,2,,14.73,956.82,478.72
010,16,12,141,8,33.4581,S,70.6648,W,0,0,2000,21,5,44,560.80,13.80,956.70,479.74
010,17,14,146,8,33.4581,S,70.6648,W,23,7,2019,21,6,23,560.80,13.80,956.70,479.74
010,18,12,166,10,33.4581,S,70.6648,W,23,7,2019,21,7,2,,13.80,956.70,479.74
010,19,12,149,9,33.4581,S,70.6647,W,0,0,2000,21,10,44,567.50,13.49,956.73,479.48
010,20,12,145,9,33.4581,S,70.6647,W,23,7,2019,21,11,23,567.40,13.49,956.73,479.48
010,20,11,139,9,33.4581,S,70.6647,W,23,7,2019,21,12,2,,13.49,956.73,479.48
010,15,12,150,8,33.4580,S,70.6648,W,0,0,2000,21,15,44,563.00,12.26,956.70,479.77
010,19,11,153,9,33.4580,S,70.6648,W,23,7,2019,21,16,23,563.20,12.26,956.70,479.77
010,15,13,160,8,33.4580,S,70.6648,W,23,7,2019,21,17,2,,12.26,956.70,479.77
010,20,13,16,11,33.4580,S,70.6647,W,24,7,2019,12,25,44,550.50,3.39,952.85,513.40
010,18,14,16,12,33.4580,S,70.6647,W,24,7,2019,12,26,23,550.60,3.39,952.85,513.40
010,27,13,16,10,33.4580,S,70.6647,W,24,7,2019,12,27,2,,3.39,952.85,513.40
010,18,15,348,9,33.4581,S,70.6648,W,24,7,2019,12,30,44,561.40,4.11,952.83,513.56
010,19,15,79,9,33.4581,S,70.6648,W,24,7,2019,12,31,23,560.80,4.11,952.83,513.56
010,18,13,393,10,33.4581,S,70.6648,W,24,7,2019,12,32,2,,4.11,952.83,513.56
010,11,8,505,9,33.4580,S,70.6648,W,24,7,2019,12,35,44,557.50,5.13,953.06,511.58
010,16,12,544,9,33.4580,S,70.6648,W,24,7,2019,12,36,23,557.60,5.13,953.06,511.58
010,16,12,540,9,33.4580,S,70.6648,W,24,7,2019,12,37,2,,5.13,953.06,511.58
010,14,12,396,10,33.4581,S,70.6648,W,24,7,2019,12,40,44,549.90,5.64,953.09,511.30
010,17,11,388,8,33.4581,S,70.6648,W,24,7,2019,12,41,23,550.00,5.64,953.09,511.30
010,19,12,397,9,33.4581,S,70.6648,W,24,7,2019,12,42,2,,5.64,953.09,511.30
010,19,14,217,12,33.4581,S,70.6647,W,0,0,2000,12,45,44,542.20,6.03,953.16,510.68
010,27,12,289,9,33.4581,S,70.6648,W,24,7,2019,12,46,23,542.40,6.03,953.16,510.68
010,25,15,457,10,33.4581,S,70.6648,W,24,7,2019,12,47,2,,6.03,953.16,510.68
010,21,16,665,11,33.4581,S,70.6648,W,0,0,2000,12,50,44,547.20,6.60,953.30,509.43
010,33,17,745,9,33.4581,S,70.6648,W,24,7,2019,12,51,23,547.20,6.60,953.30,509.43
010,21,16,825,9,33.4581,S,70.6648,W,24,7,2019,12,52,2,,6.60,953.30,509.43
010,14,12,525,11,33.4580,S,70.6648,W,24,7,2019,12,55,44,563.10,7.75,953.51,507.65
010,15,13,110,9,33.4581,S,70.6648,W,24,7,2019,12,56,23,562.80,7.75,953.51,507.65
010,12,11,114,8,33.4581,S,70.6648,W,24,7,2019,12,57,2,,7.75,953.51,507.65
010,13,10,36,8,33.4581,S,70.6648,W,24,7,2019,13,0,44,541.70,8.19,953.53,507.44
010,19,13,83,13,33.4581,S,70.6648,W,24,7,2019,13,1,23,541.70,8.19,953.53,507.44
010,13,13,67,8,33.4581,S,70.6648,W,24,7,2019,13,2,2,,8.19,953.53,507.44
010,20,14,152,9,33.4581,S,70.6648,W,24,7,2019,13,5,44,548.40,8.49,953.65,506.44
010,22,15,175,9,33.4581,S,70.6648,W,24,7,2019,13,6,23,548.20,8.49,953.65,506.44
010,19,19,184,9,33.4581,S,70.6648,W,24,7,2019,13,7,2,,8.49,953.65,506.44
010,23,17,195,8,33.4581,S,70.6648,W,0,0,2000,13,10,44,556.00,7.64,953.55,507.26
010,18,10,213,9,33.4581,S,70.6648,W,24,7,2019,13,11,23,555.90,7.64,953.55,507.26
010,24,16,217,18,33.4581,S,70.6648,W,24,7,2019,13,12,2,,7.64,953.55,507.26
010,24,16,556,9,33.4581,S,70.6648,W,0,0,2000,13,15,44,556.10,7.99,953.55,507.25
010,25,16,729,9,33.4581,S,70.6648,W,24,7,2019,13,16,23,556.10,7.99,953.55,507.25
010,21,14,849,9,33.4581,S,70.6648,W,24,7,2019,13,17,2,,7.99,953.55,507.25
010,10,9,537,9,33.4581,S,70.6648,W,24,7,2019,13,20,44,557.50,8.14,953.61,506.71
010,14,11,633,9,33.4581,S,70.6648,W,24,7,2019,13,21,23,557.50,8.14,953.61,506.71
010,16,10,684,9,33.4581,S,70.6648,W,24,7,2019,13,22,2,,8.14,953.61,506.71
010,25,16,1033,10,33.4580,S,70.6648,W,0,0,2000,13,25,44,553.20,8.57,953.67,506.24
010,28,17,1137,10,33.4580,S,70.6648,W,24,7,2019,13,26,23,553.30,8.57,953.67,506.24
010,25,13,1188,9,33.4580,S,70.6648,W,24,7,2019,13,27,2,,8.57,953.67,506.24
010,14,12,605,9,33.4581,S,70.6648,W,24,7,2019,13,30,44,555.80,8.71,953.67,506.21
010,11,10,708,8,33.4581,S,70.6648,W,24,7,2019,13,31,23,555.80,8.71,953.67,506.21
010,17,11,810,9,33.4581,S,70.6648,W,24,7,2019,13,32,2,,8.71,953.67,506.21
010,15,10,181,9,33.4580,S,70.6648,W,24,7,2019,13,45,44,556.70,9.95,953.71,505.83
010,12,10,160,8,33.4580,S,70.6648,W,24,7,2019,13,46,23,556.70,9.95,953.71,505.83
010,13,10,135,9,33.4580,S,70.6648,W,24,7,2019,13,47,2,,9.95,953.71,505.83
010,24,14,260,9,33.4581,S,70.6648,W,24,7,2019,13,50,44,555.10,11.03,953.83,504.86
010,21,14,285,9,33.4581,S,70.6648,W,24,7,2019,13,51,23,555.10,11.03,953.83,504.86
010,21,15,303,10,33.4581,S,70.6648,W,24,7,2019,13,52,2,,11.03,953.83,504.86
010,24,17,241,13,33.4580,S,70.6648,W,0,0,2000,13,55,44,554.90,10.96,953.83,504.82
010,22,15,300,9,33.4580,S,70.6648,W,24,7,2019,13,56,23,554.90,10.96,953.83,504.82
010,17,14,309,8,33.4580,S,70.6648,W,24,7,2019,13,57,2,,10.96,953.83,504.82
010,14,11,133,11,33.4581,S,70.6648,W,0,0,2000,14,0,44,556.50,11.32,953.85,504.67
010,16,11,106,8,33.4581,S,70.6648,W,24,7,2019,14,1,23,556.50,11.32,953.85,504.67
010,21,14,191,9,33.4581,S,70.6648,W,24,7,2019,14,2,2,,11.32,953.85,504.67
010,21,13,122,9,33.4581,S,70.6648,W,0,0,2000,14,5,44,553.20,11.95,953.97,503.56
010,27,15,156,9,33.4581,S,70.6648,W,24,7,2019,14,6,23,553.90,11.95,953.97,503.56
010,21,14,183,10,33.4581,S,70.6648,W,24,7,2019,14,7,2,,11.95,953.97,503.56
010,14,10,132,8,33.4581,S,70.6648,W,0,0,2000,14,10,44,551.60,12.02,953.89,504.33
010,14,9,321,8,33.4581,S,70.6648,W,24,7,2019,14,11,23,551.70,12.02,953.89,504.33
010,21,13,455,9,33.4581,S,70.6648,W,24,7,2019,14,12,2,,12.02,953.89,504.33
010,13,12,191,9,33.4581,S,70.6648,W,0,0,2000,14,15,44,548.70,11.68,953.86,504.54
010,13,11,159,9,33.4581,S,70.6648,W,24,7,2019,14,16,23,549.90,11.68,953.86,504.54
010,13,10,183,9,33.4581,S,70.6648,W,24,7,2019,14,17,2,,11.68,953.86,504.54
010,23,18,433,10,33.4580,S,70.6648,W,0,0,2000,14,20,44,553.80,11.88,953.82,504.93
010,28,15,516,9,33.4580,S,70.6648,W,24,7,2019,14,21,23,553.70,11.88,953.82,504.93
010,23,17,549,10,33.4580,S,70.6648,W,24,7,2019,14,22,2,,11.88,953.82,504.93
010,15,12,235,9,33.4581,S,70.6648,W,0,0,2000,14,25,44,552.10,12.56,953.97,503.64
010,22,12,520,8,33.4581,S,70.6648,W,24,7,2019,14,26,23,552.40,12.56,953.97,503.64
010,19,12,695,12,33.4581,S,70.6648,W,24,7,2019,14,27,2,,12.56,953.97,503.64
010,14,10,248,10,33.4580,S,70.6648,W,0,0,2000,14,30,44,553.90,12.15,953.88,504.37
010,13,11,253,9,33.4580,S,70.6648,W,24,7,2019,14,31,23,553.80,12.15,953.88,504.37
010,14,10,259,13,33.4580,S,70.6648,W,24,7,2019,14,32,2,,12.15,953.88,504.37
010,29,14,721,9,33.4581,S,70.6648,W,0,0,2000,14,35,44,558.00,13.22,954.00,503.31
010,25,14,709,10,33.4581,S,70.6648,W,24,7,2019,14,36,23,557.90,13.22,954.00,503.31
010,34,16,768,10,33.4581,S,70.6648,W,24,7,2019,14,37,2,,13.22,954.00,503.31
010,20,14,319,9,33.4581,S,70.6648,W,0,0,2000,15,5,44,557.00,15.31,953.98,503.55
010,25,14,364,9,33.4581,S,70.6648,W,24,7,2019,15,6,23,557.10,15.31,953.98,503.55
010,23,13,292,9,33.4581,S,70.6648,W,24,7,2019,15,7,2,,15.31,953.98,503.55
010,17,9,176,8,33.4581,S,70.6648,W,0,0,2000,15,10,44,557.20,15.45,953.98,503.52
010,21,12,180,9,33.4581,S,70.6648,W,24,7,2019,15,11,23,557.30,15.45,953.98,503.52
010,21,16,197,10,33.4581,S,70.6648,W,24,7,2019,15,12,2,,15.45,953.98,503.52
010,17,13,116,10,33.4581,S,70.6648,W,0,0,2000,15,15,44,556.10,15.82,953.89,504.26
010,26,13,106,10,33.4581,S,70.6648,W,24,7,2019,15,16,23,556.20,15.82,953.89,504.26
010,23,14,106,9,33.4581,S,70.6648,W,24,7,2019,15,17,2,,15.82,953.89,504.26
010,14,11,65,9,33.4581,S,70.6648,W,0,0,2000,15,20,44,558.20,15.69,953.93,503.95
010,15,10,67,9,33.4581,S,70.6648,W,24,7,2019,15,21,23,558.10,15.69,953.93,503.95
010,13,10,52,9,33.4581,S,70.6648,W,24,7,2019,15,22,2,,15.69,953.93,503.95
010,22,13,86,10,33.4580,S,70.6648,W,0,0,2000,15,25,44,558.90,16.62,953.89,504.32
010,22,17,114,9,33.4580,S,70.6648,W,24,7,2019,15,26,23,558.90,16.62,953.89,504.32
010,25,12,105,10,33.4580,S,70.6648,W,24,7,2019,15,27,2,,16.62,953.89,504.32
010,13,11,78,11,33.4580,S,70.6647,W,0,0,2000,15,30,44,556.40,16.02,953.92,504.01
010,15,12,86,10,33.4580,S,70.6647,W,24,7,2019,15,31,23,556.60,16.02,953.92,504.01
010,14,10,84,8,33.4580,S,70.6647,W,24,7,2019,15,32,2,,16.02,953.92,504.01
010,20,14,116,10,33.4581,S,70.6648,W,0,0,2000,15,40,44,549.60,15.55,953.96,503.64
010,27,16,123,9,33.4581,S,70.6648,W,24,7,2019,15,41,23,549.60,15.55,953.96,503.64
010,20,13,123,9,33.4581,S,70.6648,W,24,7,2019,15,42,2,,15.55,953.96,503.64
010,15,11,110,9,33.4580,S,70.6648,W,0,0,2000,15,45,44,554.30,16.82,953.98,503.51
010,13,11,117,10,33.4580,S,70.6648,W,24,7,2019,15,46,23,554.20,16.82,953.98,503.51
010,14,11,112,9,33.4580,S,70.6648,W,24,7,2019,15,47,2,,16.82,953.98,503.51
010,34,16,205,11,33.4581,S,70.6649,W,0,0,2000,15,50,44,542.70,17.31,953.97,503.58
010,21,9,170,10,33.4581,S,70.6649,W,24,7,2019,15,51,23,542.90,17.31,953.97,503.58
010,24,17,195,13,33.4581,S,70.6648,W,24,7,2019,15,52,2,,17.31,953.97,503.58
010,13,10,111,9,33.4581,S,70.6648,W,0,0,2000,15,55,44,547.30,17.57,953.96,503.73
010,12,11,124,9,33.4581,S,70.6648,W,24,7,2019,15,56,23,547.20,17.57,953.96,503.73
010,14,11,128,9,33.4581,S,70.6648,W,24,7,2019,15,57,2,,17.57,953.96,503.73
010,13,11,138,9,33.4581,S,70.6648,W,0,0,2000,16,0,44,547.00,18.68,953.93,503.91
010,13,12,148,9,33.4581,S,70.6648,W,24,7,2019,16,1,23,547.00,18.68,953.93,503.91
010,13,10,131,10,33.4581,S,70.6648,W,24,7,2019,16,2,2,,18.68,953.93,503.91
010,14,11,142,11,33.4581,S,70.6648,W,0,0,2000,16,5,44,551.30,19.53,953.87,504.52
010,15,10,140,8,33.4581,S,70.6648,W,24,7,2019,16,6,23,551.20,19.53,953.87,504.52
010,13,11,132,9,33.4581,S,70.6648,W,24,7,2019,16,7,2,,19.53,953.87,504.52
010,20,9,269,11,33.4580,S,70.6648,W,0,0,2000,16,10,44,547.40,18.18,953.77,505.30
010,35,17,302,11,33.4580,S,70.6648,W,24,7,2019,16,11,23,551.00,18.18,953.77,505.30
010,22,10,244,10,33.4580,S,70.6648,W,24,7,2019,16,12,2,,18.18,953.77,505.30
010,15,13,143,10,33.4581,S,70.6648,W,0,0,2000,16,15,44,552.60,18.55,953.71,505.91
010,14,10,141,9,33.4581,S,70.6648,W,24,7,2019,16,16,23,552.30,18.55,953.71,505.91
010,14,11,134,10,33.4581,S,70.6648,W,24,7,2019,16,17,2,,18.55,953.71,505.91
010,17,11,142,9,33.4581,S,70.6648,W,0,0,2000,16,20,44,548.60,20.38,953.67,506.20
010,14,12,132,10,33.4581,S,70.6648,W,24,7,2019,16,21,23,548.60,20.38,953.67,506.20
010,13,12,135,14,33.4581,S,70.6648,W,24,7,2019,16,22,2,,20.38,953.67,506.20
010,27,16,263,11,33.4581,S,70.6649,W,0,0,2000,16,25,44,555.10,19.53,953.67,506.22
010,23,16,253,10,33.4581,S,70.6649,W,24,7,2019,16,26,23,552.90,19.53,953.67,506.22
010,21,14,228,10,33.4581,S,70.6649,W,24,7,2019,16,27,2,,19.53,953.67,506.22
010,22,15,260,11,33.4580,S,70.6648,W,0,0,2000,16,30,44,551.80,19.38,953.63,506.54
010,23,15,252,10,33.4580,S,70.6648,W,24,7,2019,16,31,23,551.80,19.38,953.63,506.54
010,23,15,304,10,33.4580,S,70.6648,W,24,7,2019,16,32,2,,19.38,953.63,506.54
010,13,11,134,9,33.4581,S,70.6648,W,0,0,2000,16,35,44,554.70,20.52,953.61,506.77
010,13,11,120,9,33.4581,S,70.6648,W,24,7,2019,16,36,23,554.70,20.52,953.61,506.77
010,16,11,136,10,33.4581,S,70.6648,W,24,7,2019,16,37,2,,20.52,953.61,506.77
010,24,17,334,10,33.4580,S,70.6648,W,0,0,2000,16,40,44,545.30,21.47,953.50,507.72
010,22,15,316,10,33.4580,S,70.6648,W,24,7,2019,16,41,23,545.50,21.47,953.50,507.72
010,22,14,294,10,33.4580,S,70.6648,W,24,7,2019,16,42,2,,21.47,953.50,507.72
010,13,11,127,9,33.4581,S,70.6648,W,0,0,2000,16,45,44,549.60,20.86,953.46,508.06
010,15,11,123,10,33.4581,S,70.6648,W,24,7,2019,16,46,23,549.20,20.86,953.46,508.06
010,13,10,128,9,33.4581,S,70.6648,W,24,7,2019,16,47,2,,20.86,953.46,508.06
010,14,12,143,10,33.4580,S,70.6648,W,0,0,2000,16,50,44,560.50,21.55,953.47,507.94
010,15,11,127,9,33.4580,S,70.6648,W,24,7,2019,16,51,23,560.30,21.55,953.47,507.94
010,13,10,127,9,33.4580,S,70.6648,W,24,7,2019,16,52,2,,21.55,953.47,507.94
010,12,11,129,9,33.4580,S,70.6648,W,0,0,2000,16,55,44,554.70,21.43,953.44,508.25
010,13,10,137,8,33.4580,S,70.6648,W,24,7,2019,16,56,23,554.80,21.43,953.44,508.25
010,13,11,124,9,33.4581,S,70.6648,W,24,7,2019,16,57,2,,21.43,953.44,508.25
010,12,10,146,9,33.4581,S,70.6648,W,0,0,2000,17,0,44,548.60,20.07,953.43,508.32
010,14,11,139,9,33.4581,S,70.6648,W,24,7,2019,17,1,23,550.50,20.07,953.43,508.32
010,13,10,140,10,33.4581,S,70.6648,W,24,7,2019,17,2,2,,20.07,953.43,508.32
010,13,9,138,11,33.4580,S,70.6648,W,0,0,2000,17,5,44,556.20,19.59,953.36,508.93
010,12,10,157,10,33.4580,S,70.6648,W,24,7,2019,17,6,23,555.00,19.59,953.36,508.93
010,11,10,151,10,33.4580,S,70.6648,W,24,7,2019,17,7,2,,19.59,953.36,508.93
010,16,11,152,10,33.4580,S,70.6648,W,0,0,2000,17,10,44,549.70,20.99,953.34,509.14
010,16,10,167,9,33.4580,S,70.6648,W,24,7,2019,17,11,23,549.80,20.99,953.34,509.14
010,13,11,162,9,33.4580,S,70.6648,W,24,7,2019,17,12,2,,20.99,953.34,509.14
010,14,11,184,9,33.4581,S,70.6648,W,0,0,2000,17,15,44,550.10,20.46,953.16,510.67
010,16,11,160,8,33.4580,S,70.6648,W,24,7,2019,17,16,23,550.10,20.46,953.16,510.67
010,14,10,156,9,33.4580,S,70.6648,W,24,7,2019,17,17,2,,20.46,953.16,510.67
010,13,10,171,10,33.4581,S,70.6648,W,0,0,2000,17,20,44,556.10,19.17,953.22,510.13
010,13,11,148,9,33.4581,S,70.6648,W,24,7,2019,17,21,23,556.00,19.17,953.22,510.13
010,15,10,150,10,33.4581,S,70.6648,W,24,7,2019,17,22,2,,19.17,953.22,510.13
010,13,11,156,9,33.4581,S,70.6648,W,0,0,2000,17,25,44,553.20,19.59,953.18,510.55
010,16,10,164,9,33.4580,S,70.6648,W,24,7,2019,17,26,23,553.50,19.59,953.18,510.55
010,13,11,161,9,33.4580,S,70.6648,W,24,7,2019,17,27,2,,19.59,953.18,510.55
010,12,11,158,10,33.4580,S,70.6648,W,0,0,2000,17,30,44,549.10,18.42,953.11,511.10
010,13,11,158,9,33.4580,S,70.6648,W,24,7,2019,17,31,23,549.20,18.42,953.11,511.10
010,14,11,171,9,33.4580,S,70.6648,W,24,7,2019,17,32,2,,18.42,953.11,511.10
010,13,11,170,15,33.4581,S,70.6648,W,0,0,2000,17,35,44,557.70,19.83,953.13,510.97
010,15,11,172,9,33.4581,S,70.6648,W,24,7,2019,17,36,23,557.50,19.83,953.13,510.97
010,16,11,167,9,33.4581,S,70.6648,W,24,7,2019,17,37,2,,19.83,953.13,510.97
010,12,11,168,9,33.4581,S,70.6648,W,0,0,2000,17,40,44,552.70,19.64,953.12,510.99
010,12,10,168,10,33.4581,S,70.6648,W,24,7,2019,17,41,23,552.80,19.64,953.12,510.99
010,11,9,177,9,33.4580,S,70.6648,W,24,7,2019,17,42,2,,19.64,953.12,510.99
010,25,15,298,11,33.4580,S,70.6648,W,0,0,2000,17,45,44,555.80,19.41,953.01,512.03
010,24,12,237,10,33.4580,S,70.6648,W,24,7,2019,17,46,23,556.00,19.41,953.01,512.03
010,31,16,294,11,33.4580,S,70.6648,W,24,7,2019,17,47,2,,19.41,953.01,512.03
010,24,12,286,12,33.4580,S,70.6648,W,0,0,2000,17,50,44,562.70,19.38,953.12,511.02
010,27,16,313,12,33.4580,S,70.6648,W,24,7,2019,17,51,23,561.40,19.38,953.12,511.02
010,27,16,294,13,33.4580,S,70.6648,W,24,7,2019,17,52,2,,19.38,953.12,511.02
010,30,18,286,11,33.4581,S,70.6648,W,0,0,2000,17,55,44,561.60,21.18,953.02,511.89
010,23,11,268,10,33.4581,S,70.6648,W,24,7,2019,17,56,23,561.10,21.18,953.02,511.89
010,23,16,282,10,33.4581,S,70.6648,W,24,7,2019,17,57,2,,21.18,953.02,511.89
010,25,13,261,11,33.4580,S,70.6647,W,0,0,2000,18,0,44,569.60,21.96,953.10,511.22
010,23,14,279,12,33.4580,S,70.6647,W,24,7,2019,18,1,23,569.30,21.96,953.10,511.22
010,26,16,324,10,33.4580,S,70.6647,W,24,7,2019,18,2,2,,21.96,953.10,511.22
010,30,22,234,14,33.4581,S,70.6647,W,0,0,2000,18,5,44,575.20,20.28,952.97,512.36
010,22,19,162,13,33.4581,S,70.6647,W,24,7,2019,18,6,23,574.80,20.28,952.97,512.36
010,23,23,175,13,33.4581,S,70.6647,W,24,7,2019,18,7,2,,20.28,952.97,512.36
010,24,19,166,11,33.4581,S,70.6648,W,0,0,2000,18,10,44,561.60,20.23,953.07,511.51
010,24,17,168,11,33.4581,S,70.6648,W,24,7,2019,18,11,23,561.70,20.23,953.07,511.51
010,29,19,189,16,33.4581,S,70.6648,W,24,7,2019,18,12,2,,20.23,953.07,511.51
010,24,12,163,11,33.4581,S,70.6648,W,0,0,2000,18,15,44,555.70,21.10,953.07,511.44
010,26,15,201,10,33.4580,S,70.6648,W,24,7,2019,18,16,23,555.80,21.10,953.07,511.44
010,26,19,215,11,33.4580,S,70.6648,W,24,7,2019,18,17,2,,21.10,953.07,511.44
010,22,11,190,11,33.4580,S,70.6648,W,0,0,2000,18,20,44,560.10,20.16,953.09,511.33
010,30,12,192,10,33.4580,S,70.6648,W,24,7,2019,18,21,23,560.10,20.16,953.09,511.33
010,22,13,199,10,33.4580,S,70.6648,W,24,7,2019,18,22,2,,20.16,953.09,511.33
010,24,15,180,10,33.4581,S,70.6648,W,0,0,2000,18,25,44,560.10,19.69,953.07,511.50
010,26,16,203,11,33.4581,S,70.6648,W,24,7,2019,18,26,23,560.30,19.69,953.07,511.50
010,25,11,177,10,33.4581,S,70.6648,W,24,7,2019,18,27,2,,19.69,953.07,511.50
010,25,15,176,11,33.4580,S,70.6648,W,0,0,2000,18,30,44,558.90,19.59,952.99,512.21
010,26,21,197,14,33.4580,S,70.6648,W,24,7,2019,18,31,23,558.90,19.59,952.99,512.21
010,31,23,196,12,33.4580,S,70.6648,W,24,7,2019,18,32,2,,19.59,952.99,512.21
010,24,27,261,18,33.4580,S,70.6648,W,0,0,2000,18,35,44,565.00,18.75,953.00,512.08
010,40,77,446,52,33.4580,S,70.6648,W,24,7,2019,18,36,23,563.70,18.75,953.00,512.08
010,114,203,815,93,33.4580,S,70.6648,W,24,7,2019,18,37,2,,18.75,953.00,512.08
010,374,554,2023,602,33.4580,S,70.6648,W,0,0,2000,18,40,44,569.70,19.17,952.93,512.72
010,26,13,78,10,33.4580,S,70.6648,W,24,7,2019,18,41,23,569.60,19.17,952.93,512.72
010,28,17,96,10,33.4580,S,70.6648,W,24,7,2019,18,42,2,,19.17,952.93,512.72
010,25,15,176,11,33.4580,S,70.6648,W,0,0,2000,18,45,44,571.60,18.43,953.00,512.10
010,27,13,164,10,33.4580,S,70.6648,W,24,7,2019,18,46,23,571.60,18.43,953.00,512.10
010,24,18,162,10,33.4580,S,70.6648,W,24,7,2019,18,47,2,,18.43,953.00,512.10
010,26,16,198,13,33.4580,S,70.6648,W,0,0,2000,19,0,44,583.20,19.00,952.96,512.43
010,26,13,180,11,33.4580,S,70.6648,W,24,7,2019,19,1,23,582.80,19.00,952.96,512.43
010,35,22,200,12,33.4580,S,70.6648,W,24,7,2019,19,2,2,,19.00,952.96,512.43
010,31,21,229,9,33.4580,S,70.6648,W,0,0,2000,19,5,44,573.10,19.12,952.98,512.26
010,27,19,216,12,33.4580,S,70.6648,W,24,7,2019,19,6,23,574.80,19.12,952.98,512.26
010,28,20,263,13,33.4580,S,70.6648,W,24,7,2019,19,7,2,,19.12,952.98,512.26
010,121,183,1292,184,33.4580,S,70.6648,W,0,0,2000,19,10,44,561.30,19.13,953.07,
010,255,287,1686,352,33.4580,S,70.6648,W,24,7,2019,19,11,23,568.50,19.13,953.07,
010,278,496,1769,552,33.4580,S,70.6648,W,24,7,2019,19,12,2,,19.13,953.07,
010,79,67,1390,78,33.4580,S,70.6648,W,0,0,2000,19,15,44,561.00,18.93,953.06,511.54
010,29,19,172,14,33.4580,S,70.6648,W,24,7,2019,19,16,23,561.10,18.93,953.06,511.54
010,28,19,140,11,33.4580,S,70.6648,W,24,7,2019,19,17,2,,18.93,953.06,511.54
010,30,15,169,11,33.4580,S,70.6648,W,0,0,2000,19,20,44,565.70,19.07,953.10,511.20
010,31,14,168,10,33.4580,S,70.6648,W,24,7,2019,19,21,23,565.60,19.07,953.10,511.20
010,33,17,160,11,33.4580,S,70.6648,W,24,7,2019,19,22,2,,19.07,953.10,511.20
010,29,17,164,9,33.4580,S,70.6648,W,0,0,2000,19,25,44,556.70,18.02,953.15,510.73
010,30,16,137,11,33.4580,S,70.6648,W,24,7,2019,19,26,23,556.90,18.02,953.15,510.73
010,30,18,134,11,33.4580,S,70.6648,W,24,7,2019,19,27,2,,18.02,953.15,510.73
010,28,15,191,11,33.4581,S,70.6648,W,0,0,2000,19,30,44,562.30,18.82,953.15,510.74
010,29,13,200,11,33.4581,S,70.6648,W,24,7,2019,19,31,23,562.30,18.82,953.15,510.74
010,27,13,199,11,33.4581,S,70.6648,W,24,7,2019,19,32,2,,18.82,953.15,510.74
010,29,17,215,10,33.4580,S,70.6648,W,0,0,2000,19,35,44,557.80,19.00,953.23,510.08
010,28,18,246,12,33.4580,S,70.6648,W,24,7,2019,19,36,23,557.90,19.00,953.23,510.08
010,28,16,228,12,33.4580,S,70.6648,W,24,7,2019,19,37,2,,19.00,953.23,510.08
010,127,122,780,59,33.4580,S,70.6648,W,0,0,2000,19,40,44,560.20,16.93,953.14,510.82
010,114,134,1203,186,33.4580,S,70.6648,W,24,7,2019,19,41,23,560.10,16.93,953.14,510.82
010,124,218,1507,230,33.4580,S,70.6648,W,24,7,2019,19,42,2,,16.93,953.14,510.82
010,447,720,2257,640,33.4580,S,70.6648,W,0,0,2000,19,45,44,559.80,16.80,953.18,510.51
010,220,295,1647,161,33.4580,S,70.6648,W,24,7,2019,19,46,23,559.80,16.80,953.18,510.51
010,30,22,231,10,33.4580,S,70.6648,W,24,7,2019,19,47,2,,16.80,953.18,510.51
010,30,19,228,12,33.4580,S,70.6648,W,0,0,2000,19,50,44,559.50,18.07,953.22,510.16
010,31,18,209,11,33.4580,S,70.6648,W,24,7,2019,19,51,23,559.60,18.07,953.22,510.16
010,28,19,204,10,33.4580,S,70.6648,W,24,7,2019,19,52,2,,18.07,953.22,510.16
010,31,21,255,12,33.4581,S,70.6648,W,0,0,2000,19,55,44,553.30,18.21,953.32,509.31
010,30,15,230,10,33.4581,S,70.6648,W,24,7,2019,19,56,23,556.70,18.21,953.32,509.31
010,31,15,219,12,33.4581,S,70.6648,W,24,7,2019,19,57,2,,18.21,953.32,509.31
010,34,16,253,12,33.4580,S,70.6648,W,0,0,2000,20,0,44,563.00,18.08,953.38,508.78
010,31,22,249,12,33.4580,S,70.6648,W,24,7,2019,20,1,23,560.30,18.08,953.38,508.78
010,31,16,250,11,33.4580,S,70.6648,W,24,7,2019,20,2,2,,18.08,953.38,508.78
010,11,9,136,11,33.4581,S,70.6648,W,0,0,2000,20,5,44,556.40,17.53,953.45,508.15
010,433,396,1650,413,33.4580,S,70.6648,W,24,7,2019,20,6,23,557.10,17.53,953.45,508.15
010,25,14,227,9,33.4580,S,70.6648,W,24,7,2019,20,7,2,,17.53,953.45,508.15
010,30,18,236,14,33.4581,S,70.6648,W,0,0,2000,20,10,44,558.20,17.43,953.53,507.44
010,32,22,229,9,33.4580,S,70.6648,W,24,7,2019,20,11,23,558.20,17.43,953.53,507.44
010,44,22,216,12,33.4580,S,70.6648,W,24,7,2019,20,12,2,,17.43,953.53,507.44
010,31,23,245,11,33.4581,S,70.6648,W,0,0,2000,20,15,44,559.10,17.49,953.60,506.79
010,32,18,243,11,33.4581,S,70.6648,W,24,7,2019,20,16,23,559.10,17.49,953.60,506.79
010,28,13,209,12,33.4581,S,70.6648,W,24,7,2019,20,17,2,,17.49,953.60,506.79
010,31,20,269,11,33.4581,S,70.6648,W,0,0,2000,20,20,44,559.90,16.52,953.57,507.09
010,32,17,226,13,33.4581,S,70.6648,W,24,7,2019,20,21,23,559.50,16.52,953.57,507.09
010,37,14,239,11,33.4581,S,70.6648,W,24,7,2019,20,22,2,,16.52,953.57,507.09
010,30,18,263,12,33.4581,S,70.6648,W,0,0,2000,20,25,44,564.60,16.38,953.61,506.75
010,30,18,271,10,33.4581,S,70.6648,W,24,7,2019,20,26,23,564.50,16.38,953.61,506.75
010,33,14,234,10,33.4581,S,70.6648,W,24,7,2019,20,27,2,,16.38,953.61,506.75
010,32,15,262,11,33.4581,S,70.6648,W,0,0,2000,20,30,44,557.80,16.25,953.68,506.16
010,34,15,265,12,33.4581,S,70.6648,W,24,7,2019,20,31,23,557.90,16.25,953.68,506.16
010,32,14,230,12,33.4581,S,70.6648,W,24,7,2019,20,32,2,,16.25,953.68,506.16
010,32,18,285,11,33.4580,S,70.6648,W,0,0,2000,20,35,44,544.60,15.32,953.68,506.15
010,30,23,243,12,33.4580,S,70.6648,W,24,7,2019,20,36,23,548.10,15.32,953.68,506.15
010,30,17,234,8,33.4580,S,70.6648,W,24,7,2019,20,37,2,,15.32,953.68,506.15
010,31,17,260,11,33.4581,S,70.6648,W,0,0,2000,20,40,44,561.70,15.07,953.87,504.46
010,30,18,311,10,33.4580,S,70.6648,W,24,7,2019,20,41,23,556.50,15.07,953.87,504.46
010,28,16,274,9,33.4580,S,70.6648,W,24,7,2019,20,42,2,,15.07,953.87,504.46
010,31,22,280,12,33.4581,S,70.6648,W,0,0,2000,21,0,44,563.20,14.28,954.05,502.86
010,33,19,242,12,33.4581,S,70.6648,W,24,7,2019,21,1,23,563.10,14.28,954.05,502.86
010,40,17,299,11,33.4581,S,70.6648,W,24,7,2019,21,2,2,,14.28,954.05,502.86
010,30,19,267,11,33.4581,S,70.6648,W,0,0,2000,21,5,44,560.70,14.26,954.06,502.80
010,31,18,227,11,33.4581,S,70.6648,W,24,7,2019,21,6,23,560.80,14.26,954.06,502.80
010,33,23,247,11,33.4581,S,70.6648,W,24,7,2019,21,7,2,,14.26,954.06,502.80
010,36,15,241,9,33.4580,S,70.6648,W,0,0,2000,21,10,44,560.80,13.45,954.17,501.89
010,34,17,259,12,33.4580,S,70.6648,W,24,7,2019,21,11,23,560.70,13.45,954.17,501.89
010,32,23,243,12,33.4580,S,70.6648,W,24,7,2019,21,12,2,,13.45,954.17,501.89
010,43,41,476,60,33.4580,S,70.6648,W,0,0,2000,21,15,44,557.20,13.36,954.26,501.06
010,54,114,570,60,33.4580,S,70.6648,W,24,7,2019,21,16,23,557.30,13.36,954.26,501.06
010,71,185,613,71,33.4580,S,70.6648,W,24,7,2019,21,17,2,,13.36,954.26,501.06
010,58,24,265,32,33.4581,S,70.6648,W,25,7,2019,12,25,44,564.80,5.85,960.59,445.91
010,50,23,256,34,33.4581,S,70.6648,W,25,7,2019,12,26,23,564.70,5.85,960.59,445.91
010,60,23,269,28,33.4581,S,70.6648,W,25,7,2019,12,27,2,,5.85,960.59,445.91
010,47,27,296,24,33.4581,S,70.6648,W,0,0,2000,12,30,44,557.10,6.20,960.52,446.53
010,49,33,309,35,33.4581,S,70.6648,W,25,7,2019,12,31,23,557.10,6.20,960.52,446.53
010,80,28,285,27,33.4581,S,70.6648,W,25,7,2019,12,32,2,,6.20,960.52,446.53
010,61,35,305,39,33.4581,S,70.6648,W,0,0,2000,12,35,44,553.40,6.59,960.59,445.87
010,61,25,299,26,33.4581,S,70.6648,W,25,7,2019,12,36,23,553.50,6.59,960.59,445.87
010,64,26,299,23,33.4581,S,70.6648,W,25,7,2019,12,37,2,,6.59,960.59,445.87
010,58,23,226,29,33.4581,S,70.6648,W,0,0,2000,12,40,44,552.00,6.62,960.49,446.75
010,53,22,229,35,33.4581,S,70.6648,W,25,7,2019,12,41,23,552.30,6.62,960.49,446.75
010,51,46,273,20,33.4581,S,70.6648,W,25,7,2019,12,42,2,,6.62,960.49,446.75
010,52,32,333,42,33.4581,S,70.6648,W,0,0,2000,12,45,44,549.60,6.68,960.61,445.74
010,56,30,332,30,33.4581,S,70.6648,W,25,7,2019,12,46,23,549.70,6.68,960.61,445.74
010,52,41,317,19,33.4581,S,70.6648,W,25,7,2019,12,47,2,,6.68,960.61,445.74
010,59,35,333,26,33.4581,S,70.6648,W,0,0,2000,12,50,44,555.90,6.98,960.66,445.32
010,94,32,326,23,33.4581,S,70.6648,W,25,7,2019,12,51,23,553.80,6.98,960.66,445.32
010,61,21,285,22,33.4581,S,70.6648,W,25,7,2019,12,52,2,,6.98,960.66,445.32
010,88,28,313,27,33.4581,S,70.6648,W,25,7,2019,12,55,44,546.40,7.46,960.80,444.07
010,72,27,310,20,33.4581,S,70.6648,W,25,7,2019,12,56,23,546.60,7.46,960.80,444.07
010,59,28,302,28,33.4581,S,70.6648,W,25,7,2019,12,57,2,,7.46,960.80,444.07
010,81,28,258,18,33.4581,S,70.6648,W,0,0,2000,13,0,44,553.50,7.82,960.78,444.27
010,58,26,259,17,33.4581,S,70.6648,W,25,7,2019,13,1,23,553.40,7.82,960.78,444.27
010,45,21,261,26,33.4581,S,70.6648,W,25,7,2019,13,2,2,,7.82,960.78,444.27
010,49,18,293,18,33.4581,S,70.6648,W,25,7,2019,13,5,44,563.30,7.99,960.77,444.33
010,72,22,287,17,33.4581,S,70.6648,W,25,7,2019,13,6,23,563.10,7.99,960.77,444.33
010,45,17,288,17,33.4581,S,70.6648,W,25,7,2019,13,7,2,,7.99,960.77,444.33
010,52,22,297,18,33.4580,S,70.6648,W,0,0,2000,13,10,44,562.40,8.17,960.81,444.01
010,46,27,285,14,33.4580,S,70.6648,W,25,7,2019,13,11,23,562.20,8.17,960.81,444.01
010,46,28,291,16,33.4580,S,70.6648,W,25,7,2019,13,12,2,,8.17,960.81,444.01
010,54,19,302,13,33.4581,S,70.6648,W,0,0,2000,13,15,44,565.10,8.18,960.83,443.78
010,47,21,297,17,33.4581,S,70.6648,W,25,7,2019,13,16,23,565.10,8.18,960.83,443.78
010,47,18,297,14,33.4581,S,70.6648,W,25,7,2019,13,17,2,,8.18,960.83,443.78
010,50,23,313,13,33.4581,S,70.6648,W,25,7,2019,13,20,44,558.20,8.33,960.84,443.71
010,74,31,301,18,33.4581,S,70.6648,W,25,7,2019,13,21,23,552.20,8.33,960.84,443.71
010,45,16,296,13,33.4581,S,70.6648,W,25,7,2019,13,22,2,,8.33,960.84,443.71
010,43,27,287,16,33.4581,S,70.6648,W,0,0,2000,13,25,44,553.50,8.37,960.78,444.21
010,40,27,285,13,33.4581,S,70.6648,W,25,7,2019,13,26,23,553.70,8.37,960.78,444.21
010,40,17,281,14,33.4581,S,70.6648,W,25,7,2019,13,27,2,,8.37,960.78,444.21
010,43,16,257,15,33.4581,S,70.6648,W,25,7,2019,13,30,44,557.30,8.67,960.86,443.50
010,55,17,257,14,33.4581,S,70.6648,W,25,7,2019,13,31,23,557.30,8.67,960.86,443.50
010,40,16,255,13,33.4581,S,70.6648,W,25,7,2019,13,32,2,,8.67,960.86,443.50
010,42,24,265,15,33.4581,S,70.6648,W,25,7,2019,13,35,44,554.30,10.11,960.95,442.73
010,43,16,253,12,33.4581,S,70.6648,W,25,7,2019,13,36,23,554.30,10.11,960.95,442.73
010,45,16,264,16,33.4581,S,70.6648,W,25,7,2019,13,37,2,,10.11,960.95,442.73
010,41,21,239,11,33.4581,S,70.6648,W,25,7,2019,13,40,44,556.80,10.88,961.08,441.63
010,47,25,261,11,33.4581,S,70.6648,W,25,7,2019,13,41,23,556.70,10.88,961.08,441.63
010,68,18,264,13,33.4581,S,70.6648,W,25,7,2019,13,42,2,,10.88,961.08,441.63
010,35,20,212,14,33.4581,S,70.6648,W,0,0,2000,13,45,44,557.30,10.63,961.09,441.53
010,45,16,210,13,33.4581,S,70.6648,W,25,7,2019,13,46,23,557.30,10.63,961.09,441.53
010,74,24,212,16,33.4581,S,70.6648,W,25,7,2019,13,47,2,,10.63,961.09,441.53
010,63,22,198,17,33.4580,S,70.6648,W,0,0,2000,13,50,44,558.60,10.13,960.98,442.48
010,37,21,188,11,33.4580,S,70.6648,W,25,7,2019,13,51,23,558.50,10.13,960.98,442.48
010,57,21,181,11,33.4580,S,70.6648,W,25,7,2019,13,52,2,,10.13,960.98,442.48
010,39,16,205,12,33.4580,S,70.6647,W,0,0,2000,13,55,44,560.30,9.84,961.06,441.80
010,38,18,164,12,33.4580,S,70.6648,W,25,7,2019,13,56,23,560.20,9.84,961.06,441.80
010,44,21,164,12,33.4581,S,70.6648,W,25,7,2019,13,57,2,,9.84,961.06,441.80
010,39,16,213,11,33.4581,S,70.6648,W,0,0,2000,14,0,44,555.90,10.54,961.10,441.49
010,35,25,171,11,33.4581,S,70.6648,W,25,7,2019,14,1,23,556.10,10.54,961.10,441.49
010,42,20,168,12,33.4581,S,70.6648,W,25,7,2019,14,2,2,,10.54,961.10,441.49
010,41,18,214,11,33.4581,S,70.6648,W,0,0,2000,14,5,44,552.80,10.30,961.10,441.49
010,36,18,184,11,33.4581,S,70.6648,W,25,7,2019,14,6,23,552.80,10.30,961.10,441.49
010,69,23,195,10,33.4581,S,70.6648,W,25,7,2019,14,7,2,,10.30,961.10,441.49
010,41,24,211,30,33.4581,S,70.6648,W,0,0,2000,14,10,44,553.10,11.09,961.13,441.15
010,40,18,191,11,33.4581,S,70.6648,W,25,7,2019,14,11,23,553.10,11.09,961.13,441.15
010,39,20,196,10,33.4580,S,70.6648,W,25,7,2019,14,12,2,,11.09,961.13,441.15
010,41,21,160,10,33.4581,S,70.6648,W,0,0,2000,14,15,44,551.30,11.06,961.22,440.40
010,41,17,211,12,33.4581,S,70.6648,W,25,7,2019,14,16,23,551.30,11.06,961.22,440.40
010,38,15,200,15,33.4581,S,70.6648,W,25,7,2019,14,17,2,,11.06,961.22,440.40
010,35,20,156,11,33.4581,S,70.6648,W,0,0,2000,14,20,44,553.30,11.54,961.18,440.72
010,55,25,199,10,33.4581,S,70.6648,W,25,7,2019,14,21,23,553.20,11.54,961.18,440.72
010,47,18,207,12,33.4581,S,70.6648,W,25,7,2019,14,22,2,,11.54,961.18,440.72
010,47,19,156,10,33.4581,S,70.6648,W,0,0,2000,14,25,44,551.80,12.24,961.26,440.11
010,39,17,197,16,33.4581,S,70.6648,W,25,7,2019,14,26,23,552.40,12.24,961.26,440.11
010,38,22,196,11,33.4581,S,70.6648,W,25,7,2019,14,27,2,,12.24,961.26,440.11
010,32,16,162,12,33.4581,S,70.6647,W,0,0,2000,14,30,44,559.80,12.40,961.29,439.78
010,55,18,231,11,33.4581,S,70.6648,W,25,7,2019,14,31,23,559.70,12.40,961.29,439.78
010,37,21,238,13,33.4581,S,70.6648,W,25,7,2019,14,32,2,,12.40,961.29,439.78
010,33,18,173,14,33.4581,S,70.6648,W,0,0,2000,15,0,44,561.10,14.95,961.66,436.57
010,32,21,188,11,33.4581,S,70.6648,W,25,7,2019,15,1,23,561.00,14.95,961.66,436.57
010,34,19,175,10,33.4581,S,70.6648,W,25,7,2019,15,2,2,,14.95,961.66,436.57
010,40,18,191,12,33.4581,S,70.6648,W,0,0,2000,15,5,44,562.80,15.31,961.63,436.81
010,31,21,178,11,33.4581,S,70.6648,W,25,7,2019,15,6,23,562.70,15.31,961.63,436.81
010,39,21,188,12,33.4581,S,70.6648,W,25,7,2019,15,7,2,,15.31,961.63,436.81
010,35,19,198,12,33.4581,S,70.6648,W,0,0,2000,15,10,44,563.60,13.74,961.58,437.25
010,31,15,191,11,33.4581,S,70.6648,W,25,7,2019,15,11,23,563.50,13.74,961.58,437.25
010,29,19,175,12,33.4581,S,70.6648,W,25,7,2019,15,12,2,,13.74,961.58,437.25
010,35,17,190,11,33.4581,S,70.6648,W,0,0,2000,15,15,44,560.40,13.70,961.66,436.61
010,42,14,160,12,33.4581,S,70.6648,W,25,7,2019,15,16,23,560.40,13.70,961.66,436.61
010,32,16,186,11,33.4581,S,70.6648,W,25,7,2019,15,17,2,,13.70,961.66,436.61
010,34,22,183,12,33.4581,S,70.6648,W,0,0,2000,15,20,44,560.00,13.81,961.72,436.08
010,34,15,178,11,33.4581,S,70.6648,W,25,7,2019,15,21,23,559.90,13.81,961.72,436.08
010,32,15,188,10,33.4581,S,70.6648,W,25,7,2019,15,22,2,,13.81,961.72,436.08
010,33,20,196,11,33.4581,S,70.6648,W,0,0,2000,15,25,44,548.90,14.48,961.64,436.75
010,37,17,197,10,33.4581,S,70.6648,W,25,7,2019,15,26,23,549.10,14.48,961.64,436.75
010,33,14,175,11,33.4581,S,70.6648,W,25,7,2019,15,27,2,,14.48,961.64,436.75
010,29,18,181,11,33.4581,S,70.6648,W,0,0,2000,15,30,44,555.90,16.24,961.82,435.16
010,28,16,188,11,33.4581,S,70.6648,W,25,7,2019,15,31,23,555.70,16.24,961.82,435.16
010,34,19,201,12,33.4581,S,70.6648,W,25,7,2019,15,32,2,,16.24,961.82,435.16
010,31,24,157,11,33.4581,S,70.6648,W,0,0,2000,15,35,44,547.20,17.30,961.84,434.99
010,31,21,197,11,33.4581,S,70.6648,W,25,7,2019,15,36,23,547.30,17.30,961.84,434.99
010,31,21,204,12,33.4581,S,70.6648,W,25,7,2019,15,37,2,,17.30,961.84,434.99
010,30,16,169,11,33.4581,S,70.6648,W,0,0,2000,15,40,44,555.30,17.25,961.79,435.42
010,39,18,159,12,33.4581,S,70.6648,W,25,7,2019,15,41,23,555.20,17.25,961.79,435.42
010,30,19,188,11,33.4581,S,70.6648,W,25,7,2019,15,42,2,,17.25,961.79,435.42
010,28,15,180,10,33.4581,S,70.6648,W,0,0,2000,15,45,44,545.50,17.43,961.81,435.24
010,32,17,164,12,33.4581,S,70.6648,W,25,7,2019,15,46,23,545.60,17.43,961.81,435.24
010,33,21,184,12,33.4581,S,70.6648,W,25,7,2019,15,47,2,,17.43,961.81,435.24
010,32,13,162,12,33.4581,S,70.6648,W,0,0,2000,15,50,44,549.90,16.90,961.81,435.25
010,29,15,174,17,33.4581,S,70.6648,W,25,7,2019,15,51,23,549.80,16.90,961.81,435.25
010,31,16,159,10,33.4581,S,70.6648,W,25,7,2019,15,52,2,,16.90,961.81,435.25
010,35,19,158,10,33.4580,S,70.6648,W,0,0,2000,15,55,44,549.50,16.32,961.79,435.49
010,29,14,174,10,33.4580,S,70.6648,W,25,7,2019,15,56,23,549.50,16.32,961.79,435.49
010,30,17,172,11,33.4580,S,70.6648,W,25,7,2019,15,57,2,,16.32,961.79,435.49
010,30,18,160,10,33.4581,S,70.6648,W,0,0,2000,16,0,44,543.00,15.73,961.62,436.93
010,42,20,168,19,33.4581,S,70.6648,W,25,7,2019,16,1,23,543.30,15.73,961.62,436.93
010,37,15,188,10,33.4581,S,70.6648,W,25,7,2019,16,2,2,,15.73,961.62,436.93
010,34,17,164,11,33.4581,S,70.6648,W,0,0,2000,16,5,44,547.60,16.28,961.52,437.80
010,39,19,212,12,33.4581,S,70.6648,W,25,7,2019,16,6,23,547.50,16.28,961.52,437.80
010,35,19,180,12,33.4581,S,70.6648,W,25,7,2019,16,7,2,,16.28,961.52,437.80
010,28,16,212,13,33.4581,S,70.6648,W,0,0,2000,16,10,44,539.20,17.13,961.49,438.04
010,26,16,190,10,33.4581,S,70.6648,W,25,7,2019,16,11,23,540.40,17.13,961.49,438.04
010,31,18,160,11,33.4581,S,70.6648,W,25,7,2019,16,12,2,,17.13,961.49,438.04
010,27,15,175,11,33.4581,S,70.6648,W,0,0,2000,16,15,44,548.90,18.09,961.46,438.28
010,29,21,162,9,33.4581,S,70.6648,W,25,7,2019,16,16,23,546.00,18.09,961.46,438.28
010,26,15,166,11,33.4581,S,70.6648,W,25,7,2019,16,17,2,,18.09,961.46,438.28
010,30,16,167,10,33.4581,S,70.6647,W,0,0,2000,16,20,44,550.50,17.59,961.29,439.82
010,30,19,175,10,33.4581,S,70.6647,W,25,7,2019,16,21,23,550.40,17.59,961.29,439.82
010,42,13,170,10,33.4581,S,70.6648,W,25,7,2019,16,22,2,,17.59,961.29,439.82
010,26,21,192,10,33.4581,S,70.6648,W,0,0,2000,16,25,44,563.30,16.31,961.16,440.89
010,35,16,196,10,33.4581,S,70.6648,W,25,7,2019,16,26,23,563.10,16.31,961.16,440.89
010,34,16,188,10,33.4581,S,70.6648,W,25,7,2019,16,27,2,,16.31,961.16,440.89
010,39,14,186,11,33.4581,S,70.6648,W,0,0,2000,16,30,44,550.70,15.88,961.13,441.15
010,27,11,185,11,33.4581,S,70.6648,W,25,7,2019,16,31,23,554.50,15.88,961.13,441.15
010,32,14,185,10,33.4581,S,70.6648,W,25,7,2019,16,32,2,,15.88,961.13,441.15
010,39,14,205,10,33.4580,S,70.6648,W,0,0,2000,16,35,44,558.60,15.90,961.07,441.68
010,24,16,215,10,33.4580,S,70.6648,W,25,7,2019,16,36,23,558.00,15.90,961.07,441.68
010,25,14,204,12,33.4580,S,70.6648,W,25,7,2019,16,37,2,,15.90,961.07,441.68
010,34,19,228,11,33.4580,S,70.6648,W,0,0,2000,16,40,44,555.00,14.90,960.91,443.07
010,30,14,228,10,33.4580,S,70.6648,W,25,7,2019,16,41,23,555.00,14.90,960.91,443.07
010,31,17,223,11,33.4580,S,70.6648,W,25,7,2019,16,42,2,,14.90,960.91,443.07
010,31,16,222,10,33.4580,S,70.6648,W,0,0,2000,16,50,44,569.70,15.56,960.71,444.82
010,31,13,223,11,33.4580,S,70.6648,W,25,7,2019,16,51,23,569.40,15.56,960.71,444.82
010,41,18,222,11,33.4580,S,70.6648,W,25,7,2019,16,52,2,,15.56,960.71,444.82
010,31,20,226,10,33.4581,S,70.6648,W,0,0,2000,16,55,44,563.30,16.90,960.62,445.59
010,27,16,189,10,33.4581,S,70.6648,W,25,7,2019,16,56,23,564.70,16.90,960.62,445.59
010,32,16,224,10,33.4581,S,70.6648,W,25,7,2019,16,57,2,,16.90,960.62,445.59
010,31,18,220,13,33.4580,S,70.6648,W,0,0,2000,17,0,44,561.30,17.45,960.64,445.41
010,29,15,220,11,33.4580,S,70.6648,W,25,7,2019,17,1,23,561.10,17.45,960.64,445.41
010,25,26,241,10,33.4580,S,70.6648,W,25,7,2019,17,2,2,,17.45,960.64,445.41
010,27,16,218,10,33.4580,S,70.6648,W,0,0,2000,17,5,44,550.90,17.50,960.61,445.74
010,27,17,252,11,33.4580,S,70.6648,W,25,7,2019,17,6,23,551.00,17.50,960.61,445.74
010,29,19,239,10,33.4580,S,70.6648,W,25,7,2019,17,7,2,,17.50,960.61,445.74
010,34,17,219,10,33.4581,S,70.6648,W,0,0,2000,17,10,44,549.00,17.80,960.62,445.64
010,29,14,231,10,33.4581,S,70.6648,W,25,7,2019,17,11,23,549.50,17.80,960.62,445.64
010,29,20,224,12,33.4581,S,70.6648,W,25,7,2019,17,12,2,,17.80,960.62,445.64
010,29,17,236,11,33.4581,S,70.6648,W,0,0,2000,17,15,44,553.70,17.75,960.52,446.45
010,28,16,244,10,33.4581,S,70.6648,W,25,7,2019,17,16,23,553.60,17.75,960.52,446.45
010,35,21,256,11,33.4581,S,70.6648,W,25,7,2019,17,17,2,,17.75,960.52,446.45
010,30,16,260,12,33.4581,S,70.6648,W,0,0,2000,18,0,44,561.20,19.67,960.13,449.89
010,29,19,316,10,33.4581,S,70.6648,W,25,7,2019,18,1,23,561.10,19.67,960.13,449.89
010,29,23,314,10,33.4581,S,70.6648,W,25,7,2019,18,2,2,,19.67,960.13,449.89
010,35,17,295,11,33.4581,S,70.6648,W,0,0,2000,18,5,44,558.40,19.66,960.08,450.28
010,29,14,330,10,33.4581,S,70.6648,W,25,7,2019,18,6,23,558.40,19.66,960.08,450.28
010,31,13,286,10,33.4581,S,70.6648,W,25,7,2019,18,7,2,,19.66,960.08,450.28
010,31,23,335,14,33.4581,S,70.6648,W,0,0,2000,18,10,44,555.30,19.45,960.13,449.91
010,29,14,326,10,33.4581,S,70.6648,W,25,7,2019,18,11,23,556.10,19.45,960.13,449.91
010,30,22,346,15,33.4581,S,70.6648,W,25,7,2019,18,12,2,,19.45,960.13,449.91
010,31,14,348,11,33.4580,S,70.6648,W,0,0,2000,18,15,44,560.80,17.34,959.97,451.29
010,33,16,351,18,33.4580,S,70.6648,W,25,7,2019,18,16,23,560.70,17.34,959.97,451.29
010,34,19,360,10,33.4580,S,70.6648,W,25,7,2019,18,17,2,,17.34,959.97,451.29
010,32,17,376,10,33.4580,S,70.6648,W,0,0,2000,18,20,44,564.60,17.34,959.92,451.75
010,30,18,396,18,33.4580,S,70.6648,W,25,7,2019,18,21,23,564.50,17.34,959.92,451.75
010,31,14,393,11,33.4580,S,70.6648,W,25,7,2019,18,22,2,,17.34,959.92,451.75
010,32,18,409,10,33.4580,S,70.6648,W,0,0,2000,18,25,44,563.30,15.42,959.83,452.49
010,34,17,410,11,33.4580,S,70.6648,W,25,7,2019,18,26,23,563.30,15.42,959.83,452.49
010,39,19,407,12,33.4580,S,70.6648,W,25,7,2019,18,27,2,,15.42,959.83,452.49
010,32,23,430,11,33.4580,S,70.6648,W,0,0,2000,18,30,44,567.10,16.70,959.91,451.82
010,30,19,440,12,33.4580,S,70.6648,W,25,7,2019,18,31,23,567.00,16.70,959.91,451.82
010,30,13,364,9,33.4580,S,70.6648,W,25,7,2019,18,32,2,,16.70,959.91,451.82
010,12,11,226,9,33.4580,S,70.6648,W,0,0,2000,18,45,44,563.80,19.18,959.95,451.41
010,13,10,227,9,33.4580,S,70.6648,W,25,7,2019,18,46,23,563.00,19.18,959.95,451.41
010,14,11,236,9,33.4580,S,70.6648,W,25,7,2019,18,47,2,,19.18,959.95,451.41
010,12,10,239,9,33.4580,S,70.6649,W,0,0,2000,18,50,44,558.70,19.80,959.91,451.79
010,18,11,255,9,33.4580,S,70.6648,W,25,7,2019,18,51,23,559.30,19.80,959.91,451.79
010,12,10,242,10,33.4580,S,70.6648,W,25,7,2019,18,52,2,,19.80,959.91,451.79
010,14,11,244,9,33.4580,S,70.6648,W,0,0,2000,18,55,44,566.50,18.76,959.86,452.22
010,12,11,245,9,33.4580,S,70.6648,W,25,7,2019,18,56,23,566.40,18.76,959.86,452.22
010,14,11,248,11,33.4580,S,70.6648,W,25,7,2019,18,57,2,,18.76,959.86,452.22
010,13,10,261,9,33.4581,S,70.6647,W,0,0,2000,19,0,44,560.50,19.13,959.79,452.81
010,14,11,261,9,33.4581,S,70.6647,W,25,7,2019,19,1,23,560.60,19.13,959.79,452.81
010,16,12,275,10,33.4581,S,70.6647,W,25,7,2019,19,2,2,,19.13,959.79,452.81
010,14,11,257,10,33.4581,S,70.6648,W,0,0,2000,19,5,44,557.70,20.92,959.88,452.02
010,13,11,252,9,33.4581,S,70.6648,W,25,7,2019,19,6,23,557.80,20.92,959.88,452.02
010,13,10,256,9,33.4581,S,70.6648,W,25,7,2019,19,7,2,,20.92,959.88,452.02
010,13,11,247,9,33.4581,S,70.6648,W,0,0,2000,19,10,44,550.20,21.69,959.73,453.35
010,13,10,256,9,33.4581,S,70.6648,W,25,7,2019,19,11,23,550.30,21.69,959.73,453.35
010,11,10,257,10,33.4581,S,70.6648,W,25,7,2019,19,12,2,,21.69,959.73,453.35
010,19,14,491,12,33.4581,S,70.6648,W,0,0,2000,12,25,44,551.70, NAN, NAN, NAN
010,23,15,513,18,33.4581,S,70.6648,W,26,7,2019,12,26,23,551.90, NAN, NAN, NAN
010,18,15,532,10,33.4581,S,70.6648,W,26,7,2019,12,27,2,, NAN, NAN, NAN
010,24,13,497,10,33.4581,S,70.6648,W,26,7,2019,12,30,44,551.20,5.04,958.55,463.62
010,21,17,536,11,33.4581,S,70.6648,W,26,7,2019,12,31,23,551.20,5.04,958.55,463.62
010,21,12,545,9,33.4581,S,70.6648,W,26,7,2019,12,32,2,,5.04,958.55,463.62
010,26,12,521,10,33.4580,S,70.6647,W,0,0,2000,12,35,44,560.40,5.13,958.56,463.54
010,20,12,553,14,33.4580,S,70.6647,W,26,7,2019,12,36,23,560.10,5.13,958.56,463.54
010,19,14,575,9,33.4580,S,70.6647,W,26,7,2019,12,37,2,,5.13,958.56,463.54
010,18,12,498,23,33.4581,S,70.6647,W,0,0,2000,12,40,44,560.20,5.23,958.45,464.52
010,19,14,555,12,33.4581,S,70.6647,W,26,7,2019,12,41,23,560.20,5.23,958.45,464.52
010,23,14,584,10,33.4581,S,70.6647,W,26,7,2019,12,42,2,,5.23,958.45,464.52
010,18,19,542,9,33.4580,S,70.6648,W,0,0,2000,13,0,44,558.50,5.68,958.56,463.53
010,22,14,612,13,33.4580,S,70.6648,W,26,7,2019,13,1,23,558.40,5.68,958.56,463.53
010,21,14,649,10,33.4580,S,70.6648,W,26,7,2019,13,2,2,,5.68,958.56,463.53
010,16,12,543,12,33.4580,S,70.6648,W,0,0,2000,13,5,44,547.30,5.65,958.47,464.29
010,16,13,611,11,33.4581,S,70.6648,W,26,7,2019,13,6,23,547.50,5.65,958.47,464.29
010,19,12,652,10,33.4580,S,70.6648,W,26,7,2019,13,7,2,,5.65,958.47,464.29
010,20,12,544,10,33.4581,S,70.6648,W,0,0,2000,13,10,44,555.90,5.85,958.56,463.58
010,19,14,637,9,33.4581,S,70.6648,W,26,7,2019,13,11,23,555.90,5.85,958.56,463.58
010,14,12,729,9,33.4581,S,70.6648,W,26,7,2019,13,12,2,,5.85,958.56,463.58
010,20,13,569,10,33.4581,S,70.6648,W,0,0,2000,13,15,44,550.20, NAN, NAN, NAN
010,17,12,677,10,33.4581,S,70.6648,W,26,7,2019,13,16,23,550.30, NAN, NAN, NAN
010,19,11,725,9,33.4581,S,70.6648,W,26,7,2019,13,17,2,, NAN, NAN, NAN
010,15,12,607,10,33.4580,S,70.6648,W,0,0,2000,13,20,44,556.50,6.95,958.74,462.00
010,17,13,713,9,33.4580,S,70.6648,W,26,7,2019,13,21,23,556.40,6.95,958.74,462.00
010,15,11,747,9,33.4580,S,70.6648,W,26,7,2019,13,22,2,,6.95,958.74,462.00
010,17,12,601,10,33.4581,S,70.6648,W,0,0,2000,13,25,44,560.10,7.21,958.71,462.26
010,19,13,671,10,33.4581,S,70.6648,W,26,7,2019,13,26,23,559.90,7.21,958.71,462.26
010,15,12,735,11,33.4581,S,70.6648,W,26,7,2019,13,27,2,,7.21,958.71,462.26
010,16,12,589,17,33.4581,S,70.6648,W,0,0,2000,13,30,44,555.00,7.67,958.83,461.23
010,17,12,685,10,33.4581,S,70.6648,W,26,7,2019,13,31,23,555.00,7.67,958.83,461.23
010,13,12,745,9,33.4581,S,70.6648,W,26,7,2019,13,32,2,,7.67,958.83,461.23
010,15,12,549,8,33.4581,S,70.6648,W,0,0,2000,13,35,44,550.80,8.10,958.88,460.78
010,16,11,688,9,33.4581,S,70.6648,W,26,7,2019,13,36,23,550.90,8.10,958.88,460.78
010,17,11,688,9,33.4581,S,70.6648,W,26,7,2019,13,37,2,,8.10,958.88,460.78
010,14,11,584,10,33.4581,S,70.6648,W,0,0,2000,13,40,44,555.00,8.23,958.85,460.99
010,14,11,680,9,33.4581,S,70.6648,W,26,7,2019,13,41,23,553.90,8.23,958.85,460.99
010,16,11,729,8,33.4581,S,70.6648,W,26,7,2019,13,42,2,,8.23,958.85,460.99
010,17,13,613,8,33.4581,S,70.6648,W,0,0,2000,13,45,44,558.40,8.37,958.89,460.70
010,15,12,729,9,33.4581,S,70.6648,W,26,7,2019,13,46,23,558.30,8.37,958.89,460.70
010,14,11,768,9,33.4581,S,70.6648,W,26,7,2019,13,47,2,,8.37,958.89,460.70
010,15,12,630,8,33.4581,S,70.6648,W,0,0,2000,13,50,44,555.60,8.84,959.14,458.48
010,18,12,681,9,33.4581,S,70.6648,W,26,7,2019,13,51,23,556.70,8.84,959.14,458.48
010,15,12,749,10,33.4581,S,70.6648,W,26,7,2019,13,52,2,,8.84,959.14,458.48
010,15,12,601,9,33.4581,S,70.6648,W,0,0,2000,13,55,44,556.60,7.90,959.09,458.93
010,13,10,684,9,33.4581,S,70.6648,W,26,7,2019,13,56,23,556.50,7.90,959.09,458.93
010,15,12,702,10,33.4581,S,70.6648,W,26,7,2019,13,57,2,,7.90,959.09,458.93
010,16,12,629,9,33.4581,S,70.6648,W,0,0,2000,14,0,44,561.10,8.17,959.14,458.50
010,19,12,730,8,33.4581,S,70.6648,W,26,7,2019,14,1,23,560.70,8.17,959.14,458.50
010,11,9,760,17,33.4581,S,70.6648,W,26,7,2019,14,2,2,,8.17,959.14,458.50
010,15,11,646,9,33.4581,S,70.6648,W,0,0,2000,14,5,44,551.00,8.55,959.14,458.47
010,12,9,701,9,33.4581,S,70.6648,W,26,7,2019,14,6,23,553.30,8.55,959.14,458.47
010,14,11,764,14,33.4581,S,70.6648,W,26,7,2019,14,7,2,,8.55,959.14,458.47
010,15,10,589,9,33.4581,S,70.6648,W,0,0,2000,14,10,44,549.70,8.88,959.09,458.93
010,16,11,612,8,33.4581,S,70.6648,W,26,7,2019,14,11,23,549.70,8.88,959.09,458.93
010,16,13,715,8,33.4581,S,70.6648,W,26,7,2019,14,12,2,,8.88,959.09,458.93
010,17,10,617,8,33.4581,S,70.6648,W,0,0,2000,14,15,44,556.00,10.83,959.14,458.49
010,14,10,735,9,33.4581,S,70.6648,W,26,7,2019,14,16,23,555.80,10.83,959.14,458.49
010,14,11,792,9,33.4581,S,70.6648,W,26,7,2019,14,17,2,,10.83,959.14,458.49
010,14,11,609,9,33.4581,S,70.6648,W,0,0,2000,14,20,44,555.40,13.41,959.28,457.24
010,10,9,753,9,33.4581,S,70.6648,W,26,7,2019,14,21,23,556.50,13.41,959.28,457.24
010,13,10,815,9,33.4581,S,70.6648,W,26,7,2019,14,22,2,,13.41,959.28,457.24
010,14,11,649,9,33.4581,S,70.6648,W,0,0,2000,14,25,44,558.10,12.81,959.24,457.66
010,12,10,756,9,33.4581,S,70.6648,W,26,7,2019,14,26,23,558.10,12.81,959.24,457.66
010,17,11,820,8,33.4581,S,70.6648,W,26,7,2019,14,27,2,,12.81,959.24,457.66
010,9,9,631,8,33.4581,S,70.6648,W,0,0,2000,14,30,44,559.30,12.94,959.16,458.33
010,13,10,769,9,33.4581,S,70.6648,W,26,7,2019,14,31,23,559.30,12.94,959.16,458.33
010,12,9,832,9,33.4581,S,70.6648,W,26,7,2019,14,32,2,,12.94,959.16,458.33
010,13,11,649,9,33.4581,S,70.6647,W,0,0,2000,14,35,44,569.10,11.94,959.21,457.85
010,12,11,763,9,33.4581,S,70.6647,W,26,7,2019,14,36,23,569.00,11.94,959.21,457.85
010,16,10,824,9,33.4581,S,70.6647,W,26,7,2019,14,37,2,,11.94,959.21,457.85
010,13,10,651,9,33.4581,S,70.6648,W,0,0,2000,14,40,44,559.90,13.28,959.28,457.30
010,15,11,813,8,33.4581,S,70.6648,W,26,7,2019,14,41,23,560.00,13.28,959.28,457.30
010,9,8,860,9,33.4581,S,70.6648,W,26,7,2019,14,42,2,,13.28,959.28,457.30
010,17,11,668,10,33.4581,S,70.6648,W,0,0,2000,14,45,44,565.10,14.42,959.12,458.68
010,13,12,776,9,33.4581,S,70.6648,W,26,7,2019,14,46,23,565.00,14.42,959.12,458.68
010,13,11,844,9,33.4581,S,70.6648,W,26,7,2019,14,47,2,,14.42,959.12,458.68
010,13,11,637,9,33.4581,S,70.6648,W,0,0,2000,14,50,44,554.40,14.58,959.07,459.12
010,14,11,769,10,33.4581,S,70.6648,W,26,7,2019,14,51,23,556.00,14.58,959.07,459.12
010,13,10,852,9,33.4581,S,70.6648,W,26,7,2019,14,52,2,,14.58,959.07,459.12
010,10,10,613,8,33.4581,S,70.6648,W,0,0,2000,14,55,44,554.80,13.72,959.07,459.14
010,13,11,719,13,33.4581,S,70.6648,W,26,7,2019,14,56,23,556.90,13.72,959.07,459.14
010,12,9,760,9,33.4581,S,70.6648,W,26,7,2019,14,57,2,,13.72,959.07,459.14
010,13,10,541,9,33.4581,S,70.6648,W,0,0,2000,15,0,44,557.00,14.10,959.00,459.75
010,14,11,632,11,33.4581,S,70.6648,W,26,7,2019,15,1,23,557.00,14.10,959.00,459.75
010,16,11,688,10,33.4581,S,70.6648,W,26,7,2019,15,2,2,,14.10,959.00,459.75
010,15,12,540,9,33.4581,S,70.6648,W,0,0,2000,15,5,44,557.90,15.51,959.05,459.25
010,12,11,628,8,33.4581,S,70.6648,W,26,7,2019,15,6,23,557.90,15.51,959.05,459.25
010,10,9,670,9,33.4581,S,70.6648,W,26,7,2019,15,7,2,,15.51,959.05,459.25
010,9,8,393,9,33.4581,S,70.6648,W,0,0,2000,15,10,44,554.90,17.08,958.98,459.92
010,14,11,414,9,33.4581,S,70.6648,W,26,7,2019,15,11,23,555.00,17.08,958.98,459.92
010,10,9,500,9,33.4581,S,70.6648,W,26,7,2019,15,12,2,,17.08,958.98,459.92
010,12,10,533,9,33.4581,S,70.6648,W,0,0,2000,15,15,44,553.60,16.99,958.93,460.33
010,17,10,646,9,33.4581,S,70.6648,W,26,7,2019,15,16,23,553.70,16.99,958.93,460.33
010,13,11,748,14,33.4581,S,70.6648,W,26,7,2019,15,17,2,,16.99,958.93,460.33
010,13,11,648,12,33.4581,S,70.6648,W,0,0,2000,15,20,44,560.50,18.24,958.88,460.79
010,13,11,783,9,33.4581,S,70.6648,W,26,7,2019,15,21,23,560.40,18.24,958.88,460.79
010,14,10,872,9,33.4581,S,70.6648,W,26,7,2019,15,22,2,,18.24,958.88,460.79
010,13,10,679,9,33.4581,S,70.6648,W,0,0,2000,15,25,44,555.80,18.62,958.76,461.84
010,14,11,822,10,33.4581,S,70.6648,W,26,7,2019,15,26,23,555.90,18.62,958.76,461.84
010,13,10,908,9,33.4581,S,70.6648,W,26,7,2019,15,27,2,,18.62,958.76,461.84
010,15,12,692,9,33.4580,S,70.6648,W,0,0,2000,15,45,44,555.20,20.17,958.47,464.37
010,13,10,844,10,33.4580,S,70.6648,W,26,7,2019,15,46,23,555.20,20.17,958.47,464.37
010,14,12,940,10,33.4580,S,70.6648,W,26,7,2019,15,47,2,,20.17,958.47,464.37
010,11,12,652,9,33.4580,S,70.6648,W,0,0,2000,15,50,44,560.50,19.35,958.42,464.75
010,17,11,844,10,33.4580,S,70.6648,W,26,7,2019,15,51,23,560.40,19.35,958.42,464.75
010,15,10,928,9,33.4580,S,70.6648,W,26,7,2019,15,52,2,,19.35,958.42,464.75
010,12,10,692,9,33.4581,S,70.6647,W,0,0,2000,15,55,44,553.10,18.99,958.26,466.12
010,12,10,852,9,33.4581,S,70.6647,W,26,7,2019,15,56,23,553.20,18.99,958.26,466.12
010,17,10,942,9,33.4581,S,70.6647,W,26,7,2019,15,57,2,,18.99,958.26,466.12
010,10,10,712,9,33.4581,S,70.6648,W,0,0,2000,16,0,44,547.60,18.70,958.20,466.68
010,13,11,893,9,33.4581,S,70.6648,W,26,7,2019,16,1,23,548.40,18.70,958.20,466.68
010,15,10,976,10,33.4581,S,70.6648,W,26,7,2019,16,2,2,,18.70,958.20,466.68
010,11,9,725,9,33.4580,S,70.6648,W,0,0,2000,16,5,44,549.10,18.80,958.11,467.46
010,12,11,889,9,33.4580,S,70.6648,W,26,7,2019,16,6,23,549.10,18.80,958.11,467.46
010,12,9,975,9,33.4580,S,70.6648,W,26,7,2019,16,7,2,,18.80,958.11,467.46
010,13,10,721,9,33.4581,S,70.6648,W,0,0,2000,16,10,44,551.80,18.21,958.08,467.75
010,10,10,920,9,33.4581,S,70.6648,W,26,7,2019,16,11,23,551.80,18.21,958.08,467.75
010,12,10,1024,9,33.4581,S,70.6648,W,26,7,2019,16,12,2,,18.21,958.08,467.75
010,13,11,716,13,33.4581,S,70.6647,W,0,0,2000,16,15,44,550.70,18.11,957.99,468.51
010,12,10,928,9,33.4581,S,70.6647,W,26,7,2019,16,16,23,550.70,18.11,957.99,468.51
010,15,11,1040,16,33.4581,S,70.6647,W,26,7,2019,16,17,2,,18.11,957.99,468.51
010,14,11,740,9,33.4581,S,70.6648,W,0,0,2000,16,20,44,549.30,18.13,957.99,468.47
010,13,10,937,10,33.4581,S,70.6648,W,26,7,2019,16,21,23,549.00,18.13,957.99,468.47
010,13,10,1028,10,33.4581,S,70.6648,W,26,7,2019,16,22,2,,18.13,957.99,468.47
010,13,11,732,9,33.4580,S,70.6648,W,0,0,2000,16,25,44,554.80,18.91,957.88,469.46
010,14,10,953,9,33.4580,S,70.6648,W,26,7,2019,16,26,23,554.70,18.91,957.88,469.46
010,12,11,1021,9,33.4580,S,70.6648,W,26,7,2019,16,27,2,,18.91,957.88,469.46
010,13,10,771,9,33.4580,S,70.6648,W,0,0,2000,16,30,44,558.70,18.12,957.75,470.64
010,14,10,956,11,33.4580,S,70.6648,W,26,7,2019,16,31,23,558.70,18.12,957.75,470.64
010,14,11,1055,12,33.4580,S,70.6648,W,26,7,2019,16,32,2,,18.12,957.75,470.64
010,13,10,768,10,33.4580,S,70.6648,W,0,0,2000,16,35,44,570.70,19.01,957.75,470.57
010,15,11,908,8,33.4580,S,70.6648,W,26,7,2019,16,36,23,570.50,19.01,957.75,470.57
010,13,10,1004,10,33.4580,S,70.6648,W,26,7,2019,16,37,2,,19.01,957.75,470.57
010,11,9,753,10,33.4581,S,70.6648,W,0,0,2000,16,40,44,561.50,20.20,957.68,471.18
010,12,10,909,10,33.4581,S,70.6648,W,26,7,2019,16,41,23,561.60,20.20,957.68,471.18
010,13,10,1033,11,33.4581,S,70.6648,W,26,7,2019,16,42,2,,20.20,957.68,471.18
010,14,11,768,10,33.4580,S,70.6648,W,0,0,2000,16,45,44,556.70,21.11,957.60,471.93
010,11,10,952,9,33.4580,S,70.6648,W,26,7,2019,16,46,23,556.80,21.11,957.60,471.93
010,14,9,1028,9,33.4581,S,70.6648,W,26,7,2019,16,47,2,,21.11,957.60,471.93
010,13,14,760,9,33.4581,S,70.6648,W,0,0,2000,16,50,44,546.80,21.67,957.60,471.91
010,13,10,925,9,33.4581,S,70.6648,W,26,7,2019,16,51,23,549.30,21.67,957.60,471.91
010,12,9,1036,9,33.4581,S,70.6648,W,26,7,2019,16,52,2,,21.67,957.60,471.91
010,12,10,732,9,33.4581,S,70.6649,W,0,0,2000,16,55,44,547.70,21.47,957.57,472.19
010,15,10,924,10,33.4581,S,70.6649,W,26,7,2019,16,56,23,547.80,21.47,957.57,472.19
010,23,16,1352,11,33.4581,S,70.6649,W,26,7,2019,16,57,2,,21.47,957.57,472.19
010,436,523,2598,595,33.4580,S,70.6647,W,0,0,2000,17,0,44,574.90,20.48,957.50,472.75
010,143,245,2028,131,33.4580,S,70.6647,W,26,7,2019,17,1,23,571.60,20.48,957.50,472.75
010,104,151,1591,80,33.4580,S,70.6647,W,26,7,2019,17,2,2,,20.48,957.50,472.75
010,31,28,1400,14,33.4580,S,70.6646,W,0,0,2000,17,5,44,586.00, NAN, NAN, NAN
010,29,23,1391,15,33.4580,S,70.6647,W,26,7,2019,17,6,23,580.10, NAN, NAN, NAN
010,27,22,1420,20,33.4580,S,70.6647,W,26,7,2019,17,7,2,, NAN, NAN, NAN
010,23,16,796,10,33.4580,S,70.6648,W,0,0,2000,17,10,44,556.40,20.58,957.29,474.60
010,26,12,948,10,33.4581,S,70.6648,W,26,7,2019,17,11,23,556.70,20.58,957.29,474.60
010,23,15,804,10,33.4581,S,70.6648,W,26,7,2019,17,12,2,,20.58,957.29,474.60
010,20,12,479,10,33.4581,S,70.6648,W,0,0,2000,17,15,44,551.40,19.49,957.20,475.38
010,18,9,488,10,33.4581,S,70.6648,W,26,7,2019,17,16,23,551.50,19.49,957.20,475.38
010,20,13,468,9,33.4581,S,70.6648,W,26,7,2019,17,17,2,,19.49,957.20,475.38
010,17,9,481,9,33.4580,S,70.6648,W,0,0,2000,17,20,44,548.40,18.72,957.05,476.68
010,25,15,406,10,33.4580,S,70.6648,W,26,7,2019,17,21,23,549.60,18.72,957.05,476.68
010,30,12,469,9,33.4580,S,70.6648,W,26,7,2019,17,22,2,,18.72,957.05,476.68
010,18,13,552,10,33.4581,S,70.6648,W,0,0,2000,17,25,44,564.00,19.37,957.00,477.15
010,22,16,476,9,33.4581,S,70.6648,W,26,7,2019,17,26,23,560.90,19.37,957.00,477.15
010,19,12,501,10,33.4581,S,70.6648,W,26,7,2019,17,27,2,,19.37,957.00,477.15
010,19,9,527,9,33.4581,S,70.6648,W,0,0,2000,17,30,44,558.10,20.92,957.01,477.04
010,19,14,511,11,33.4581,S,70.6648,W,26,7,2019,17,31,23,558.10,20.92,957.01,477.04
010,22,13,536,10,33.4581,S,70.6648,W,26,7,2019,17,32,2,,20.92,957.01,477.04
010,19,16,521,10,33.4580,S,70.6648,W,0,0,2000,17,35,44,558.00,20.90,956.90,478.03
010,23,15,541,10,33.4581,S,70.6648,W,26,7,2019,17,36,23,558.00,20.90,956.90,478.03
010,23,12,473,10,33.4581,S,70.6648,W,26,7,2019,17,37,2,,20.90,956.90,478.03
010,21,13,663,10,33.4580,S,70.6648,W,0,0,2000,17,40,44,558.70,20.21,956.88,478.22
010,26,10,532,9,33.4580,S,70.6648,W,26,7,2019,17,41,23,558.60,20.21,956.88,478.22
010,22,12,624,10,33.4580,S,70.6648,W,26,7,2019,17,42,2,,20.21,956.88,478.22
010,20,14,629,9,33.4580,S,70.6648,W,0,0,2000,17,45,44,559.40,20.42,956.78,479.06
010,20,13,540,9,33.4580,S,70.6648,W,26,7,2019,17,46,23,559.20,20.42,956.78,479.06
010,20,16,591,10,33.4580,S,70.6648,W,26,7,2019,17,47,2,,20.42,956.78,479.06
010,18,10,489,10,33.4581,S,70.6648,W,0,0,2000,17,50,44,555.80,20.93,956.71,479.68
010,18,9,485,10,33.4581,S,70.6648,W,26,7,2019,17,51,23,557.90,20.93,956.71,479.68
010,22,12,512,10,33.4581,S,70.6648,W,26,7,2019,17,52,2,,20.93,956.71,479.68
010,19,15,745,11,33.4581,S,70.6648,W,0,0,2000,18,0,44,563.50,21.12,956.72,479.55
010,19,13,583,10,33.4581,S,70.6648,W,26,7,2019,18,1,23,563.50,21.12,956.72,479.55
010,18,9,516,9,33.4581,S,70.6648,W,26,7,2019,18,2,2,,21.12,956.72,479.55
010,22,13,716,10,33.4580,S,70.6648,W,0,0,2000,18,5,44,560.90,21.84,956.60,480.60
010,17,9,497,10,33.4581,S,70.6648,W,26,7,2019,18,6,23,560.90,21.84,956.60,480.60
010,25,14,460,10,33.4581,S,70.6648,W,26,7,2019,18,7,2,,21.84,956.60,480.60
010,18,13,679,10,33.4581,S,70.6648,W,0,0,2000,18,10,44,555.00,21.81,956.48,481.71
010,20,15,620,11,33.4581,S,70.6648,W,26,7,2019,18,11,23,555.10,21.81,956.48,481.71
010,20,14,625,10,33.4581,S,70.6648,W,26,7,2019,18,12,2,,21.81,956.48,481.71
010,18,9,612,11,33.4580,S,70.6648,W,0,0,2000,18,15,44,568.60,21.81,956.50,481.54
010,17,12,680,10,33.4580,S,70.6648,W,26,7,2019,18,16,23,568.40,21.81,956.50,481.54
010,21,15,671,12,33.4580,S,70.6648,W,26,7,2019,18,17,2,,21.81,956.50,481.54
010,16,12,716,9,33.4580,S,70.6648,W,0,0,2000,18,20,44,557.60,22.69,956.52,481.31
010,19,12,665,9,33.4580,S,70.6648,W,26,7,2019,18,21,23,557.70,22.69,956.52,481.31
010,17,9,592,10,33.4580,S,70.6648,W,26,7,2019,18,22,2,,22.69,956.52,481.31
010,17,9,681,10,33.4581,S,70.6648,W,0,0,2000,18,25,44,556.80,22.90,956.41,482.30
010,19,14,613,9,33.4581,S,70.6648,W,26,7,2019,18,26,23,557.10,22.90,956.41,482.30
010,18,11,640,10,33.4581,S,70.6648,W,26,7,2019,18,27,2,,22.90,956.41,482.30
010,19,14,676,11,33.4580,S,70.6648,W,0,0,2000,18,30,44,573.00,22.54,956.43,482.14
010,18,15,654,10,33.4580,S,70.6648,W,26,7,2019,18,31,23,572.80,22.54,956.43,482.14
010,23,12,670,10,33.4580,S,70.6648,W,26,7,2019,18,32,2,,22.54,956.43,482.14
010,35,16,1005,11,33.4580,S,70.6648,W,0,0,2000,18,35,44,562.40,22.91,956.37,482.62
010,24,17,847,16,33.4580,S,70.6648,W,26,7,2019,18,36,23,562.60,22.91,956.37,482.62
010,24,17,857,11,33.4580,S,70.6648,W,26,7,2019,18,37,2,,22.91,956.37,482.62
010,23,22,939,12,33.4581,S,70.6648,W,0,0,2000,18,40,44,558.10,23.14,956.33,483.02
010,39,44,1235,34,33.4581,S,70.6648,W,26,7,2019,18,41,23,558.10,23.14,956.33,483.02
010,55,138,1758,76,33.4581,S,70.6648,W,26,7,2019,18,42,2,,23.14,956.33,483.02
010,329,673,2807,665,33.4580,S,70.6648,W,0,0,2000,18,45,44,562.90,23.13,956.25,
010,437,815,2560,760,33.4580,S,70.6648,W,26,7,2019,18,46,23,560.40,23.13,956.25,
010,964,915,1815,998,33.4580,S,70.6648,W,26,7,2019,18,47,2,,23.13,956.25,
010,23,20,756,12,33.4580,S,70.6648,W,0,0,2000,18,50,44,574.80,24.51,956.22,483.92
010,25,19,606,10,33.4580,S,70.6648,W,26,7,2019,18,51,23,569.90,24.51,956.22,483.92
010,24,14,657,10,33.4580,S,70.6648,W,26,7,2019,18,52,2,,24.51,956.22,483.92
010,27,15,724,13,33.4580,S,70.6648,W,0,0,2000,18,55,44,562.60,24.85,956.16,484.46
010,19,10,609,12,33.4580,S,70.6648,W,26,7,2019,18,56,23,562.70,24.85,956.16,484.46
010,21,10,610,10,33.4580,S,70.6648,W,26,7,2019,18,57,2,,24.85,956.16,484.46
010,23,17,734,10,33.4580,S,70.6648,W,0,0,2000,19,0,44,568.70,24.39,956.24,483.80
010,22,18,726,10,33.4580,S,70.6648,W,26,7,2019,19,1,23,566.60,24.39,956.24,483.80
010,21,16,646,10,33.4580,S,70.6648,W,26,7,2019,19,2,2,,24.39,956.24,483.80
010,22,16,724,10,33.4580,S,70.6648,W,0,0,2000,19,5,44,565.50,24.29,956.20,484.09
010,21,14,620,10,33.4580,S,70.6648,W,26,7,2019,19,6,23,565.50,24.29,956.20,484.09
010,20,10,698,9,33.4580,S,70.6648,W,26,7,2019,19,7,2,,24.29,956.20,484.09
010,29,15,723,11,33.4580,S,70.6648,W,0,0,2000,19,10,44,566.40,23.35,956.13,484.70
010,22,11,618,10,33.4580,S,70.6648,W,26,7,2019,19,11,23,565.80,23.35,956.13,484.70
010,25,18,728,10,33.4580,S,70.6648,W,26,7,2019,19,12,2,,23.35,956.13,484.70
010,27,19,613,11,33.4580,S,70.6648,W,0,0,2000,19,15,44,561.70,23.09,956.06,485.35
010,27,16,589,11,33.4580,S,70.6648,W,26,7,2019,19,16,23,561.70,23.09,956.06,485.35
010,26,15,623,11,33.4580,S,70.6648,W,26,7,2019,19,17,2,,23.09,956.06,485.35
010,23,15,637,10,33.4581,S,70.6648,W,0,0,2000,19,20,44,556.90,23.09,956.08,485.17
010,23,15,628,10,33.4581,S,70.6648,W,26,7,2019,19,21,23,558.60,23.09,956.08,485.17
010,24,13,647,10,33.4581,S,70.6648,W,26,7,2019,19,22,2,,23.09,956.08,485.17
010,34,18,704,11,33.4580,S,70.6648,W,0,0,2000,19,25,44,556.40,21.76,955.92,486.57
010,29,19,616,10,33.4580,S,70.6648,W,26,7,2019,19,26,23,556.80,21.76,955.92,486.57
010,746,696,2615,718,33.4580,S,70.6648,W,26,7,2019,19,27,2,,21.76,955.92,486.57
010,749,682,2531,697,33.4580,S,70.6648,W,0,0,2000,19,30,44,557.00,22.30,955.96,486.23
010,532,416,2083,453,33.4580,S,70.6648,W,26,7,2019,19,31,23,557.60,22.30,955.96,486.23
010,45,17,430,12,33.4580,S,70.6648,W,26,7,2019,19,32,2,,22.30,955.96,486.23
